MutationType	SBS96A	SBS96B	SBS96C	SBS96D	SBS96E	SBS96F	SBS96G	SBS96H	SBS96I
A[C>A]A	2.01E-05	1.62E-03	5.56E-04	1.31E-03	7.39E-04	1.56E-03	2.65E-03	1.42E-03	1.76E-03
A[C>A]C	2.99E-04	3.12E-03	1.94E-03	1.77E-03	1.91E-03	2.97E-03	3.18E-03	1.59E-03	2.71E-03
A[C>A]G	2.03E-05	8.02E-04	7.22E-04	7.73E-04	3.93E-04	7.72E-04	1.17E-03	9.60E-04	9.93E-04
A[C>A]T	8.94E-04	1.51E-03	1.91E-03	1.59E-03	5.47E-04	7.65E-04	1.47E-03	1.28E-03	2.35E-03
A[C>G]A	3.21E-05	1.28E-03	9.75E-04	8.73E-04	6.35E-04	9.24E-04	1.67E-03	1.60E-03	1.11E-03
A[C>G]C	1.28E-05	8.35E-04	8.88E-04	4.18E-04	6.03E-04	1.07E-03	1.19E-03	7.85E-04	9.20E-04
A[C>G]G	9.12E-06	2.05E-04	2.52E-04	2.09E-04	1.67E-04	2.18E-04	3.17E-04	3.05E-04	1.74E-04
A[C>G]T	1.33E-05	5.59E-04	9.32E-04	1.23E-03	3.69E-04	9.76E-04	1.03E-03	1.11E-03	1.41E-03
A[C>T]A	8.41E-04	3.13E-03	2.26E-03	2.51E-03	1.25E-03	2.40E-03	2.78E-03	2.19E-03	4.18E-03
A[C>T]C	1.27E-03	3.93E-03	3.99E-03	3.92E-03	2.14E-03	3.82E-03	5.24E-03	1.67E-03	4.89E-03
A[C>T]G	3.54E-03	5.85E-03	9.76E-03	7.95E-03	7.46E-03	6.72E-03	4.53E-03	9.39E-04	2.54E-03
A[C>T]T	1.38E-03	3.42E-03	2.67E-03	1.65E-03	3.20E-04	2.17E-03	2.45E-03	1.39E-03	1.93E-03
A[T>A]A	3.47E-05	4.59E-04	4.82E-04	4.08E-04	4.52E-04	5.55E-04	4.30E-04	4.00E-04	6.29E-04
A[T>A]C	9.05E-05	1.10E-03	8.81E-04	1.06E-03	6.14E-04	1.35E-03	1.09E-03	1.20E-03	2.25E-03
A[T>A]G	1.36E-05	9.53E-04	7.64E-04	9.46E-04	4.27E-04	7.85E-04	1.34E-03	1.16E-03	1.34E-03
A[T>A]T	1.19E-04	1.30E-03	5.93E-04	6.35E-04	5.73E-04	1.23E-03	1.18E-03	9.96E-04	7.57E-04
A[T>C]A	4.33E-04	1.36E-03	1.77E-03	9.46E-04	1.54E-03	1.81E-03	1.09E-03	1.30E-03	1.52E-03
A[T>C]C	4.58E-04	9.38E-04	1.05E-03	1.06E-03	6.75E-05	1.03E-03	1.08E-03	1.22E-03	1.15E-03
A[T>C]G	4.40E-04	2.25E-03	1.98E-03	1.65E-03	1.59E-03	3.30E-03	2.40E-03	1.74E-03	2.72E-03
A[T>C]T	3.55E-04	3.32E-03	2.12E-03	1.67E-03	5.13E-04	2.42E-03	2.77E-03	2.37E-03	4.89E-03
A[T>G]A	2.05E-05	3.84E-04	4.57E-04	2.87E-04	2.38E-04	3.61E-04	3.30E-04	1.24E-04	2.89E-04
A[T>G]C	2.72E-04	4.02E-04	5.85E-04	2.83E-04	2.23E-04	4.18E-04	3.61E-04	4.58E-04	5.82E-04
A[T>G]G	8.82E-05	6.70E-04	3.21E-04	4.88E-04	4.71E-04	6.55E-04	4.64E-04	4.24E-04	6.30E-04
A[T>G]T	5.80E-04	6.29E-04	6.64E-04	4.53E-04	1.01E-04	6.65E-04	5.09E-04	3.60E-04	5.91E-04
C[C>A]A	2.87E-04	1.15E-03	1.91E-03	1.30E-03	7.38E-04	2.35E-03	2.01E-03	1.35E-03	2.62E-03
C[C>A]C	6.24E-04	1.16E-03	1.47E-03	1.12E-03	2.83E-04	1.07E-03	1.44E-03	1.18E-03	1.56E-03
C[C>A]G	1.02E-04	7.42E-04	5.50E-04	7.16E-04	3.99E-04	4.54E-04	8.59E-04	5.30E-04	8.94E-04
C[C>A]T	3.41E-03	2.08E-03	1.79E-03	2.09E-03	5.81E-04	8.56E-04	9.21E-04	6.20E-04	2.18E-03
C[C>G]A	4.75E-06	1.82E-03	8.47E-04	1.26E-03	1.14E-03	1.68E-03	2.18E-03	2.16E-03	2.24E-03
C[C>G]C	7.49E-06	7.56E-04	7.72E-04	6.52E-04	3.84E-04	1.39E-03	1.28E-03	1.46E-03	1.33E-03
C[C>G]G	0.00E+00	5.95E-04	5.82E-04	4.98E-04	2.72E-04	5.70E-04	6.32E-04	6.40E-04	5.66E-04
C[C>G]T	9.73E-06	1.23E-03	9.90E-04	1.24E-03	7.26E-04	1.67E-03	2.06E-03	1.56E-03	1.39E-03
C[C>T]A	5.83E-04	4.14E-03	2.36E-03	3.89E-03	1.47E-03	2.64E-03	4.03E-03	1.86E-03	3.25E-03
C[C>T]C	1.13E-03	3.05E-03	1.75E-03	4.12E-03	6.28E-04	1.99E-03	3.44E-03	2.86E-03	5.52E-03
C[C>T]G	3.05E-03	7.01E-03	6.72E-03	4.74E-03	8.01E-03	9.30E-03	2.61E-03	1.20E-03	4.68E-03
C[C>T]T	1.42E-03	3.89E-03	3.54E-03	3.03E-03	1.23E-03	4.45E-03	1.47E-03	4.44E-03	5.70E-03
C[T>A]A	1.17E-05	3.79E-04	2.29E-04	2.80E-04	6.32E-05	3.44E-04	8.50E-04	5.67E-04	6.76E-04
C[T>A]C	1.29E-04	7.47E-04	9.88E-04	1.42E-03	3.31E-04	1.04E-03	8.44E-04	8.57E-04	1.39E-03
C[T>A]G	6.63E-06	1.28E-03	5.20E-04	1.15E-03	1.31E-04	1.12E-03	1.73E-03	1.88E-03	1.91E-03
C[T>A]T	7.76E-05	1.42E-03	9.15E-04	5.44E-04	9.49E-04	1.39E-03	1.23E-03	8.19E-04	7.68E-04
C[T>C]A	1.16E-04	8.03E-04	4.86E-04	8.15E-04	3.40E-04	8.39E-04	6.63E-04	1.03E-03	1.37E-03
C[T>C]C	2.90E-04	8.86E-04	1.26E-03	1.67E-03	3.08E-04	1.04E-03	1.08E-03	9.65E-04	1.82E-03
C[T>C]G	4.93E-04	1.05E-03	1.78E-03	1.54E-03	1.27E-03	1.66E-03	1.10E-03	1.62E-03	1.46E-03
C[T>C]T	2.64E-04	1.69E-03	9.41E-04	9.92E-04	8.13E-04	1.40E-03	1.28E-03	7.88E-04	6.98E-04
C[T>G]A	3.02E-05	1.70E-04	3.64E-04	1.93E-04	1.97E-04	2.40E-04	2.96E-04	3.02E-04	2.86E-04
C[T>G]C	2.41E-04	6.52E-04	5.21E-04	2.52E-04	1.13E-04	6.05E-04	9.95E-04	8.05E-04	5.42E-04
C[T>G]G	1.76E-04	3.86E-04	8.73E-04	7.92E-04	3.10E-05	6.47E-04	9.77E-04	1.58E-03	7.57E-04
C[T>G]T	8.33E-04	1.06E-03	1.61E-03	1.23E-03	5.82E-04	1.68E-03	1.79E-03	7.38E-04	1.75E-03
G[C>A]A	1.06E-04	1.89E-03	1.91E-03	2.75E-03	1.22E-03	1.75E-03	1.51E-03	9.57E-04	3.41E-03
G[C>A]C	7.05E-04	1.58E-03	1.25E-03	1.34E-03	9.91E-04	9.39E-04	1.36E-03	1.03E-03	1.88E-03
G[C>A]G	1.34E-04	7.75E-04	1.54E-03	1.11E-03	6.50E-04	1.18E-03	8.88E-04	1.30E-03	1.10E-03
G[C>A]T	3.17E-03	2.53E-03	1.55E-03	6.90E-07	6.25E-07	5.10E-04	3.00E-07	8.06E-05	2.23E-03
G[C>G]A	1.33E-05	3.83E-04	3.21E-04	3.98E-04	1.45E-04	4.05E-04	1.23E-03	9.42E-04	6.43E-04
G[C>G]C	0.00E+00	4.24E-04	4.41E-04	8.63E-04	4.38E-04	1.11E-03	1.34E-03	1.36E-03	1.32E-03
G[C>G]G	0.00E+00	4.65E-04	2.68E-04	5.37E-04	1.53E-04	2.99E-04	3.80E-04	3.99E-04	3.83E-04
G[C>G]T	2.70E-05	3.82E-04	5.44E-04	3.60E-04	1.58E-04	6.88E-04	1.39E-03	1.38E-03	7.90E-04
G[C>T]A	1.98E-03	4.02E-03	4.60E-03	1.84E-03	9.07E-04	3.17E-03	3.84E-03	3.04E-03	5.35E-03
G[C>T]C	4.70E-03	4.36E-03	9.67E-03	4.39E-03	1.69E-03	4.08E-03	4.59E-03	1.30E-03	3.80E-03
G[C>T]G	5.88E-03	1.19E-02	7.69E-03	7.92E-03	7.49E-03	9.07E-03	5.81E-03	2.30E-03	3.73E-03
G[C>T]T	4.27E-03	4.00E-03	4.85E-03	3.50E-03	1.54E-03	5.47E-03	1.50E-03	1.47E-04	7.61E-03
G[T>A]A	1.48E-05	5.52E-04	2.90E-04	4.73E-04	2.83E-04	4.13E-04	3.70E-04	4.42E-04	5.05E-04
G[T>A]C	1.43E-04	1.08E-03	6.18E-04	9.78E-04	4.18E-04	1.06E-03	1.69E-03	1.35E-03	1.02E-03
G[T>A]G	0.00E+00	5.01E-04	4.19E-04	5.68E-04	4.63E-04	8.88E-04	7.52E-04	1.19E-03	1.13E-03
G[T>A]T	5.92E-05	3.83E-04	2.26E-04	4.26E-04	1.70E-04	4.36E-04	5.83E-04	3.82E-04	7.56E-04
G[T>C]A	8.97E-04	2.06E-03	1.29E-03	1.54E-03	9.23E-04	1.76E-03	1.59E-03	1.46E-03	2.14E-03
G[T>C]C	9.82E-04	1.19E-03	9.24E-04	1.40E-03	6.11E-04	1.16E-03	7.99E-04	8.77E-04	1.82E-03
G[T>C]G	9.46E-04	1.89E-03	1.67E-03	1.55E-03	3.96E-04	1.48E-03	2.18E-03	1.74E-03	2.10E-03
G[T>C]T	7.20E-04	1.76E-03	1.85E-03	1.33E-03	6.47E-04	1.54E-03	1.89E-03	1.23E-03	1.88E-03
G[T>G]A	7.03E-05	1.21E-04	3.08E-04	1.83E-04	2.02E-04	4.62E-04	2.79E-04	4.33E-04	4.55E-04
G[T>G]C	2.39E-04	5.02E-04	6.04E-04	3.98E-04	1.43E-04	5.83E-04	4.61E-04	4.54E-04	7.22E-04
G[T>G]G	1.57E-04	3.28E-04	5.09E-04	2.82E-04	1.59E-04	3.80E-04	5.76E-04	3.58E-04	4.55E-04
G[T>G]T	4.26E-04	3.57E-04	7.19E-04	3.84E-04	1.89E-04	5.37E-04	5.75E-04	3.38E-04	1.15E-03
T[C>A]A	1.52E-04	2.41E-03	1.63E-03	1.66E-03	9.74E-04	2.05E-03	2.66E-03	1.97E-03	3.30E-03
T[C>A]C	8.92E-04	2.49E-03	2.80E-03	1.92E-03	1.49E-03	3.11E-03	3.07E-03	2.11E-03	4.20E-03
T[C>A]G	4.39E-05	1.07E-03	1.13E-03	1.10E-03	6.75E-04	1.13E-03	1.03E-03	8.87E-04	1.31E-03
T[C>A]T	3.24E-03	4.15E-03	3.47E-03	2.33E-03	9.54E-04	4.28E-03	1.88E-03	5.73E-04	2.42E-03
T[C>G]A	6.08E-06	8.74E-04	1.02E-03	1.61E-03	3.12E-04	1.40E-03	2.39E-03	3.87E-03	1.92E-03
T[C>G]C	8.74E-06	1.23E-03	9.89E-04	1.31E-03	2.28E-04	9.36E-04	1.97E-03	3.14E-03	2.01E-03
T[C>G]G	0.00E+00	4.13E-04	2.40E-04	1.86E-04	2.75E-04	4.52E-04	5.62E-04	9.48E-04	6.64E-04
T[C>G]T	2.13E-05	1.50E-03	8.04E-04	4.63E-04	5.48E-04	1.55E-03	1.91E-03	4.64E-03	8.87E-04
T[C>T]A	7.54E-04	2.51E-03	4.12E-03	3.58E-03	1.98E-03	1.96E-03	9.98E-03	6.74E-03	1.72E-03
T[C>T]C	2.04E-03	2.27E-03	4.90E-03	7.45E-03	2.15E-03	3.72E-03	4.49E-03	3.44E-03	8.19E-03
T[C>T]G	3.58E-03	6.29E-03	7.84E-03	1.03E-02	6.30E-03	5.38E-03	4.48E-03	1.48E-03	5.53E-03
T[C>T]T	2.12E-03	3.77E-03	2.61E-03	6.15E-03	1.11E-03	2.90E-03	8.82E-03	3.00E-03	4.09E-03
T[T>A]A	1.59E-05	7.86E-04	4.60E-04	5.02E-04	2.17E-04	5.20E-04	7.19E-04	7.89E-04	8.17E-04
T[T>A]C	7.50E-05	8.52E-04	5.72E-04	7.02E-04	4.84E-04	9.93E-04	8.76E-04	8.83E-04	1.08E-03
T[T>A]G	3.63E-05	3.91E-04	4.50E-04	3.60E-04	2.75E-04	4.91E-04	4.45E-04	5.87E-04	7.01E-04
T[T>A]T	6.31E-05	6.87E-04	7.64E-04	9.55E-04	5.09E-04	1.47E-03	7.49E-04	8.23E-04	1.68E-03
T[T>C]A	1.89E-04	5.95E-04	4.04E-04	7.49E-04	1.75E-05	1.02E-03	7.77E-04	1.09E-03	1.30E-03
T[T>C]C	2.94E-04	1.37E-03	1.74E-03	2.09E-03	5.23E-04	2.37E-03	2.13E-03	1.16E-03	2.79E-03
T[T>C]G	3.04E-04	1.43E-03	1.56E-03	9.17E-04	5.12E-04	1.02E-03	1.60E-03	8.37E-04	1.43E-03
T[T>C]T	4.34E-04	1.70E-03	1.60E-03	8.49E-04	9.12E-04	1.29E-03	1.28E-03	5.62E-04	1.38E-03
T[T>G]A	4.40E-05	2.10E-04	2.67E-04	2.45E-04	1.83E-04	2.64E-04	2.14E-04	1.29E-04	2.07E-04
T[T>G]C	3.87E-04	4.32E-04	5.61E-04	3.58E-04	1.62E-04	2.88E-04	5.36E-04	3.31E-04	9.12E-04
T[T>G]G	9.01E-05	9.84E-04	6.39E-04	8.81E-04	2.55E-04	6.76E-04	8.10E-04	6.74E-04	1.07E-03
T[T>G]T	9.55E-04	1.03E-03	1.36E-03	1.03E-03	4.76E-04	1.12E-03	6.78E-04	3.40E-04	1.30E-03
