MutationType	SBS96A	SBS96B	SBS96C	SBS96D	SBS96E	SBS96F	SBS96G	SBS96H	SBS96I
A[C>A]A	0.00014318404942514462	0.005770222341749616	0.0018299317736716603	0.00610862291762345	0.0030580277704206084	0.006917954410403127	0.017055805449010107	0.010349726341962224	0.008869259457662508
A[C>A]C	0.0031199981989470872	0.019913005043905495	0.010299531016455105	0.008366803592898294	0.016970312626139333	0.014725501233879185	0.018536956123792834	0.012058649109786188	0.010116831427966417
A[C>A]G	0.00018554776529597917	0.002949729750463206	0.0029716328607857358	0.0023611076319666434	0.0013067742154393614	0.0030863152518551475	0.005702297463425197	0.005743775396349609	0.004020789673342051
A[C>A]T	0.01234796614309007	0.00875632964565959	0.008954571810211859	0.010456178145256416	0.0017797146542980612	0.00317883119149883	0.007890727412790283	0.006716890284174397	0.01806926194875509
A[C>G]A	0.0003149207854792735	0.003996744343922387	0.004291168782119001	0.0026691472730142607	0.001819811277308716	0.004498056653019517	0.011692867203140054	0.010606082382909676	0.004117571184924884
A[C>G]C	7.205541018355799e-05	0.003135040585762674	0.004103529846954786	0.001309764498212189	0.002738025143337275	0.005867055684323077	0.007300153564056231	0.003257183979789744	0.003789856035839563
A[C>G]G	4.994963256194751e-05	0.0005541195215156946	0.0011601046762276645	0.0006406943325479375	0.0008241172041807943	0.0008314677764907685	0.001273251065782759	0.0012718163118944402	0.00061802399772114
A[C>G]T	7.904258857536207e-05	0.0014836054398486454	0.002724065152654633	0.0062118828839020064	0.001985609004047504	0.003970143869145293	0.006054907604298023	0.005756978789463574	0.006985397119629227
A[C>T]A	0.008477056034460058	0.02155624743731096	0.012622026490719805	0.013605081475565156	0.0032420327692628346	0.01312686538683721	0.019067813775083094	0.01594205749848811	0.027364496767313326
A[C>T]C	0.018106516117148884	0.02434444703883514	0.017997344817799785	0.033802054368196936	0.014189199209333196	0.02291860301608608	0.03204256832419787	0.010673826866029685	0.03324367505948431
A[C>T]G	0.035708395078651166	0.03907986395873536	0.1736747476790697	0.06947004687995029	0.2627312895283103	0.042703020466409496	0.02438877007306587	0.002241782871514779	0.009579789380737794
A[C>T]T	0.019182035591478554	0.027387231013731396	0.010899520881448837	0.006286957811380631	0.0007754724926758172	0.010140155341287453	0.015588262033468255	0.008383160189202954	0.00838142871082141
A[T>A]A	0.00032859855203447807	0.002244803588401654	0.0015723164632172625	0.0016960581349765391	0.002865773827927782	0.0025390569422257987	0.001520277581150289	0.0018491197557023399	0.0027487293074486873
A[T>A]C	0.0011201219135739393	0.0058791040541792934	0.0035617841458846656	0.003600896117770276	0.0025132264729957397	0.0075594586970518666	0.005337832902011996	0.008985274627540604	0.013270098211105506
A[T>A]G	8.693403193660743e-05	0.003469966767362962	0.002945990981385691	0.003312000487708104	0.001534392336316035	0.0032260355048749113	0.0080173711691657	0.008661059366909285	0.0066760605226147615
A[T>A]T	0.0012687496408227616	0.007876440236862762	0.0025158527619075243	0.002162941322312406	0.0038329651210879234	0.007370208033923689	0.0051214349712391275	0.002936091848927944	0.0029360902569879953
A[T>C]A	0.005030588463594086	0.005474579215357238	0.008414746869779605	0.00429234739069166	0.012150520323776845	0.009947042104452493	0.0048130509716611414	0.008750126640789588	0.008205323054114899
A[T>C]C	0.006436912201481277	0.004953815501372674	0.006335340724711428	0.005329969419790288	8.324299904884924e-05	0.005183355822097227	0.005497244202723692	0.00950215872562012	0.007865696243035245
A[T>C]G	0.005526625160962908	0.01346287283095279	0.007883093534255963	0.0058024856058685684	0.005698623643098699	0.022316832743830447	0.012633379542305647	0.00849920577866584	0.012114319027082274
A[T>C]T	0.004170620285224231	0.021159888354653163	0.008990913960349758	0.006064098802309133	0.001974218700712527	0.014224532960918381	0.012769741759269095	0.01354263266525308	0.03589382036705956
A[T>G]A	0.00014915311850440815	0.0013943537168763357	0.001820638437584705	0.0008518319581240518	0.0013794419220580778	0.0018072787995744477	0.00120444785307825	0.00014106618373567416	0.0010557749507667325
A[T>G]C	0.004083619088565382	0.002051517578207651	0.002496795063023747	0.0008901507075612614	0.0007654620869297802	0.0018624092138779403	0.00122133426968432	0.0021812056007891557	0.0031044653689383493
A[T>G]G	0.001126394213765991	0.0038472662088830135	0.0014980869196053704	0.0020779953730794888	0.0022988589710291763	0.0032875718696996612	0.0018234609152784742	0.001181072876198357	0.0035779906063875444
A[T>G]T	0.010125212455366182	0.0036093831384285836	0.0022617770492560935	0.0016413637455217512	0.00021870466666255696	0.002848562278714013	0.0023723529744886208	0.0019356673112496492	0.0024909284531472765
C[C>A]A	0.002544208720366896	0.006270299377293451	0.010249953489381838	0.0062934256530121505	0.003002947413402808	0.019791820017618367	0.007351072720630612	0.009973016780625699	0.017531587365135978
C[C>A]C	0.009476215625559234	0.0041855854199233985	0.006099916408524422	0.004487136491985382	0.0007237027372588045	0.0032873950750222035	0.007866463661946455	0.008179126213777295	0.008475550136135723
C[C>A]G	0.0010604383668366072	0.0031429765336862658	0.00291207380952865	0.004128569704093152	0.001743810703783133	0.0017201350782407587	0.0037370763174629927	0.0017822643134152826	0.00506165207749639
C[C>A]T	0.08673538177112505	0.004572306661008838	0.0047335729444252725	0.0037440425842469455	0.0011335287496785896	0.002377225247805317	0.0022868226211355137	0.001690913859979446	0.003750886223991916
C[C>G]A	1.718712090223562e-05	0.00862013898048076	0.002890778791721118	0.004656786394817231	0.005502486942915539	0.0096004249758073	0.010566453671282935	0.017710763598163908	0.009836807008222195
C[C>G]C	4.1369018715613494e-05	0.0034287266908550862	0.002657826114373947	0.0017927880784409922	0.0010651040699403325	0.006588390791896037	0.006052148813525946	0.011960465386015712	0.0062307214527314156
C[C>G]G	0.0	0.0019253814675693449	0.0018962805204427013	0.002190066184548769	0.000984526870981135	0.0020456619409168295	0.002966407824259534	0.003378967231113776	0.0022829655453100272
C[C>G]T	6.173673434886951e-05	0.005142749827505195	0.0037394833414221298	0.005890038613752715	0.0029550011568390743	0.009783161963964346	0.013614643447189963	0.012064209106220004	0.006615201202328081
C[C>T]A	0.005218260629228553	0.02775611454086686	0.01635476953777527	0.03010830504658429	0.008279652505439116	0.015780326606568452	0.03251948270467381	0.008709333486245896	0.021238632931285792
C[C>T]C	0.01691659241733305	0.015963749363875193	0.007698620079500671	0.024842721627476295	0.0019079564058927189	0.009315155309015494	0.018821705804874682	0.018172811818466243	0.0500905262910851
C[C>T]G	0.036680979697647394	0.055257278531998966	0.06268731814266232	0.030470219664835572	0.21518525848410605	0.19001443781889976	0.010761956397238918	0.004658828693852684	0.023842630197656475
C[C>T]T	0.01971970967140578	0.020670790333085165	0.018393174445118347	0.013253384993975317	0.005752901518308562	0.023802608389698623	0.006219205176041243	0.03575771880089178	0.03329961185544789
C[T>A]A	7.387905608062795e-05	0.0014169204926405144	0.0007062545706477685	0.0008845595684233309	0.00012494382928508686	0.0012699998477526718	0.005940061886469472	0.003765835922407348	0.002950645909602585
C[T>A]C	0.0012940988044857704	0.002969201821481988	0.004377869444739666	0.007979887457605911	0.001327939449285367	0.006671314739100111	0.005020354060283125	0.004628936125390766	0.010101316668524304
C[T>A]G	3.9418262313120065e-05	0.004775165238282	0.001443410057088208	0.005031575776745285	0.0002450325767331663	0.004695030712407515	0.00988032319475323	0.01616023765536049	0.0101060967874389
C[T>A]T	0.0008076135342571433	0.008057875760336265	0.004007503120536739	0.002046858513326344	0.007164569772362484	0.00744260852645283	0.006116436701549279	0.0024638067720122512	0.0028943381092662434
C[T>C]A	0.0011063840339107856	0.0043481479068154276	0.0018789728120248883	0.0030035790723060528	0.0010649708294082029	0.004271519980332244	0.0030637899185316543	0.004802415027027624	0.008111155067508556
C[T>C]C	0.004594077221792361	0.00316084528484339	0.005202813744255934	0.012147434197981682	0.0009585504379876397	0.005276039787506193	0.0058448127359059755	0.005775444098508374	0.009973871484037016
C[T>C]G	0.006592723535640062	0.006179474129924642	0.011501704062989972	0.0062211548025979365	0.007494149242082458	0.006966726145891897	0.004936370332649744	0.013731355920771193	0.005251587007722947
C[T>C]T	0.0025091020805660946	0.010368396947019392	0.0045911416159599835	0.004736189914840594	0.005828297584224628	0.009301389881096326	0.00919652097314363	0.002454424572015057	0.003111654944084137
C[T>G]A	0.0002585171763450944	0.0005670473625312766	0.0020199198349344274	0.0007566429504938555	0.0008971509701780178	0.0007664063560405765	0.0012408788813951333	0.0006769396380978776	0.0008515283858602984
C[T>G]C	0.00296846824188151	0.0031787916573161644	0.0027522289472440777	0.0007935729996254537	0.00017843196479020663	0.0028782024332189592	0.005412126848161165	0.007059530830470209	0.0021077440236632584
C[T>G]G	0.002699493264015018	0.0012845656070336275	0.002294040256816672	0.0025021953221573768	3.737942210321421e-05	0.0030922651491617614	0.005022076682536607	0.019574129027313914	0.0033389945974812464
C[T>G]T	0.010755873675761904	0.005842399420209254	0.009034487892969593	0.006217221268564855	0.0025131061027721556	0.010523836868659089	0.009706059866362011	0.0036717795752093706	0.009808538449928506
G[C>A]A	0.000752381345196227	0.007596475515589987	0.008784155263206514	0.016492619440056585	0.007031449815445398	0.010499493835153828	0.006356883991795428	0.0035137537074609784	0.02162301691491365
G[C>A]C	0.011135873567661533	0.008126515399780914	0.00734662009231954	0.004526516629397577	0.006444515098642114	0.003596419107668396	0.00630083437929386	0.005703581549054348	0.006929410651286791
G[C>A]G	0.0014057822656440067	0.0032586257519869833	0.009262644905340097	0.0048174594278196994	0.0037093499976168687	0.006214868833981129	0.003990789532961117	0.005078804754651216	0.005408204802928509
G[C>A]T	0.08338442370937173	0.006656802802197888	0.002186773875219146	2.4555252128521944e-06	4.260514623695144e-06	0.0008807871104433218	1.8199889487391373e-06	8.490514268203242e-05	0.0034233860854001106
G[C>G]A	0.00011289939777498148	0.0011857287100803405	0.0010560671175042203	0.0014659651261718265	0.0004374578609701274	0.002057843542836082	0.009144369351827848	0.009921826632172497	0.0016886690502575874
G[C>G]C	0.0	0.0016338301498038277	0.001527255105547738	0.004010806008206522	0.0022764391797347374	0.005184371285544671	0.008410083077858203	0.008085955195757605	0.006519814390465868
G[C>G]G	0.0	0.002266275303229808	0.000922319903371367	0.0027345568098271046	0.0006439138882848994	0.0010232861162413087	0.002026003569403122	0.001387730087984629	0.0014155775566001693
G[C>G]T	0.00030004359063809713	0.0010126505896710114	0.0017246575929744335	0.0009905815023770969	0.00030902789995700174	0.002600271191213892	0.010233135307379869	0.017435256191010353	0.0028669809176893224
G[C>T]A	0.030099473004720104	0.023042231775997946	0.02759602602666007	0.005083701529418363	0.003182761967561021	0.01325003421078904	0.0169280784879993	0.03395240978316224	0.029510326091731258
G[C>T]C	0.05567975597178361	0.018280359881587174	0.07331773211548637	0.019764948662528058	0.007356126701765788	0.014091249845596126	0.016406721580784166	0.0039954456402881535	0.014885283722702241
G[C>T]G	0.11740166101284558	0.21396414941176772	0.0667615254131323	0.05550154180714051	0.2076820708438754	0.10409942877258124	0.03786560116103359	0.010899440171779134	0.017449318943399676
G[C>T]T	0.057287209241063695	0.013595011767414204	0.02227056217854525	0.01434975769696731	0.002951229062549352	0.01802504136543689	0.005460077451447521	0.00022649554491230094	0.04300704440550817
G[T>A]A	8.219865731817321e-05	0.0025860346632993014	0.0011378974976317124	0.0023235542184683665	0.0009914294590640882	0.001319719900425964	0.0009636692664064128	0.0024827567479981383	0.002030989213290155
G[T>A]C	0.0020363929714750386	0.005545624407371292	0.0017328599398889822	0.003843563768312208	0.0007101064783688571	0.004289428890459845	0.010040302325765964	0.009025190255417214	0.0046220469858923256
G[T>A]G	0.0	0.0015974011278582978	0.0011587058613811508	0.0020573879688450345	0.0018090666396384947	0.004386972612640916	0.004038676609364771	0.009679468787327892	0.006077915870837316
G[T>A]T	0.0006320307794594271	0.002090896362498569	0.0010871051546940435	0.002076777033104804	0.00055570797344906	0.002509404491220266	0.003698269900270361	0.001480873887134635	0.0033823463170682545
G[T>C]A	0.013182653780452256	0.010985673263656964	0.007423594272935574	0.00835773026489434	0.004753722459026619	0.012732792711138287	0.005300002929100742	0.008101695105424724	0.010470598040258778
G[T>C]C	0.018648602311167793	0.006040491728577422	0.002982812571720217	0.006273722481088128	0.0025744169942370832	0.005335915960318829	0.0037079258211099387	0.0062696980724484775	0.010274873040513341
G[T>C]G	0.01170616938551488	0.00981283443700761	0.009602835685539048	0.0078624835333477	0.0015526848748646672	0.007616089775824548	0.010908794294739437	0.012294399249332172	0.01568721419860253
G[T>C]T	0.009625301848905678	0.007158657117547023	0.011919309162386402	0.0038333813263113827	0.0019330483556365152	0.006841775551025293	0.01027040670348157	0.007114491997339023	0.0076242251786007385
G[T>G]A	0.0005961657545702792	0.0004690930721870501	0.0015248832121231716	0.0005639105052866	0.0006645748709767929	0.002178864212908902	0.0011680546198379904	0.002525102826143684	0.0015581558307309251
G[T>G]C	0.002671523370039921	0.0023552595899074633	0.0028007083918261343	0.0017037946941415782	0.0004321628079716788	0.0030487663307935974	0.0019464031952878714	0.0019238369277094591	0.003971182691854836
G[T>G]G	0.0021968387783249453	0.0009686174212050957	0.0028673017076473427	0.0009571595079366624	0.0004258651410231762	0.0014464310831348649	0.0036355667818627644	0.0011013563486650924	0.0018146501648854496
G[T>G]T	0.006859514217145488	0.0009955488885549713	0.0032850355793023313	0.00142137175035419	0.0004449725990728659	0.002283310288625273	0.0021361669325897026	0.0008564613284905675	0.005368407160696691
T[C>A]A	0.0013452450808810567	0.009717190636983446	0.008824182074279747	0.010724170773180504	0.004217944710455867	0.01070217108735349	0.020998810230779555	0.010733383486669936	0.026984916021733626
T[C>A]C	0.011737484823372597	0.012339879489405235	0.014076054372960983	0.011168478726840476	0.007471867367530649	0.018686708777453306	0.017400959508660777	0.01620791832567079	0.02372687851298565
T[C>A]G	0.00028036497206812794	0.004951402321454168	0.004334380206497457	0.00630825927301828	0.0033314719695756168	0.006328141964106635	0.004897178748235262	0.0042036636035871315	0.0055302636218374345
T[C>A]T	0.05970088009547965	0.026463498276489483	0.015322690404368311	0.006745594968552382	0.004041712801408863	0.020902183083200042	0.006909888492425012	0.0009517270380604259	0.008008012508274548
T[C>G]A	3.185738068276423e-05	0.0027169927374441727	0.0024482349085533173	0.006335696373635358	0.0007802834571950256	0.005909812907944314	0.012758366482500562	0.06848768191360023	0.005097444681196492
T[C>G]C	5.8817491814302516e-05	0.002582768468319756	0.002723617885820744	0.005441646884683848	0.0003600471068674782	0.002960047356308593	0.009831923683109948	0.054630780907439204	0.00884224576198004
T[C>G]G	0.0	0.0013900689281410904	0.0006409798405528022	0.0004826380489389237	0.0014703711646388306	0.0021694420038883776	0.002540013582445013	0.012552268283897092	0.0017211826113314999
T[C>G]T	0.00023016285955236528	0.00316118869915325	0.0021431765848430786	0.0009128633602966829	0.0011321817024837603	0.0036025275055552243	0.0067094457847972945	0.12147192567245611	0.0015903676399656773
T[C>T]A	0.009562119223587618	0.015598141976896613	0.017999316043653266	0.01998575267420506	0.006559422758767681	0.009168070425557175	0.13609290135417212	0.06527667723139075	0.0049058913499084155
T[C>T]C	0.03048924134563471	0.00843631498010268	0.02312262714316148	0.07399483571194879	0.008607222353123518	0.012733113332570838	0.028909035530841152	0.030658696306390995	0.0465754073013909
T[C>T]G	0.04043441777310363	0.04918971480196433	0.08092665091049354	0.21197418408468366	0.05927589848586422	0.03473511823105696	0.029467977286335573	0.005827806914008988	0.040370761104995836
T[C>T]T	0.031099551225269126	0.01779902038734406	0.014747718730885423	0.048440197718086185	0.004569697650155718	0.010236278210317943	0.06627644865386059	0.024220192122906496	0.020878087902220274
T[T>A]A	9.818119754640975e-05	0.0046728531106081305	0.001274393009101402	0.0015482635362050702	0.00046549705131113226	0.0022746283414306844	0.004183839719835873	0.00395616169474863	0.003982776041917653
T[T>A]C	0.0008626991837218156	0.00433560797790722	0.0021477703812496428	0.0032738481422411	0.0017011722660986094	0.004292676980869032	0.004483843452641736	0.006341520953817792	0.007044016858946947
T[T>A]G	0.00026986354167121365	0.001598425918014641	0.0009297960902478053	0.0014353914321146987	0.0007945492083644368	0.0028600958860258885	0.002124065178318801	0.003580446889264124	0.003860408095073625
T[T>A]T	0.0008599222389193528	0.0023636239324892473	0.0021224291844217547	0.0037644725235267983	0.0013472507704457826	0.009990871588321343	0.0019871258600319664	0.0028601524171278925	0.009541972246489791
T[T>C]A	0.0021603546958107243	0.0027432506686170654	0.0015089657652623601	0.0030282508770008575	2.1827289524622985e-05	0.00370324520192554	0.0033368641006133615	0.011014277655262958	0.008265306684417056
T[T>C]C	0.0033498090689511174	0.0064379964404449866	0.0067029493918822425	0.012151955787745835	0.0018968913322925118	0.011928804717522255	0.009015317352766488	0.0029857938352813563	0.019432862863424702
T[T>C]G	0.003270051187280245	0.00599080490974103	0.011247964666794133	0.003703536937602223	0.0016863055498527047	0.003905625423781238	0.01117308027052033	0.003427471350652098	0.007686706210544117
T[T>C]T	0.004744917597918175	0.01084826170160234	0.012269809550579111	0.0025576168210534435	0.004345701853170019	0.005015379579192541	0.006018856255977347	0.0014541505180725523	0.005106141122982422
T[T>G]A	0.0005565057930982675	0.0007180629633534608	0.001276395948550686	0.00099990435270783	0.0014306028037470498	0.0013080216603698958	0.0008840447596816148	0.0004473508627469158	0.0008806794752220526
T[T>G]C	0.005332048081025959	0.0018986720641973153	0.00233971841552858	0.001287634056641238	0.00028958016227676354	0.0009169361219849748	0.002868183881198263	0.002043494717215708	0.0055763380089404535
T[T>G]G	0.001109712397104268	0.004682542616340051	0.0021825828277560787	0.0049862344451958055	0.0007590541313903998	0.004111823802831793	0.004402279415470076	0.002552123541551765	0.009009859153455011
T[T>G]T	0.01720698736435338	0.004703414711519756	0.00645858693995649	0.004543984038484439	0.001759855583837009	0.00464729923757119	0.0027213316203784643	0.0010035240622011088	0.005811909204892629
