MutationType	SBS96A	SBS96B	SBS96C	SBS96D	SBS96E	SBS96F	SBS96G	SBS96H
A[C>A]A	0.00011420447792716004	0.006196721391124384	0.0055044657499811935	0.0029004932421997863	0.004841483723799627	0.007321191436213894	0.011848980690748565	0.01299668226193063
A[C>A]C	0.0035506830543147318	0.006205398001981734	0.022988085569189708	0.015718795287463082	0.016343118354539568	0.010176388548757132	0.017461264666441708	0.010207053166005835
A[C>A]G	0.00017008423080824286	0.002958384157459335	0.004078702677249737	0.002344187070324324	0.001052916644230919	0.002961808413561613	0.004152551757909846	0.006888085210612047
A[C>A]T	0.013889412207022308	0.014791326684778738	0.0058834078744462205	0.0033853027927136735	0.0017729378502514238	0.013031717376823054	0.01146361625300642	0.006278258002426398
A[C>G]A	0.00030307250722643174	0.0029099222145060823	0.005705284988083008	0.0038738120327241176	0.002753414502914353	0.003859043366357895	0.0061828046988398454	0.013411807243876979
A[C>G]C	6.686620845940194e-05	0.0030438334506519026	0.004350036017028671	0.0029044820660096703	0.004888493985943399	0.002848563852801078	0.0037941808108135433	0.004532138240868839
A[C>G]G	4.3895708337231554e-05	0.0007417448367006685	0.0005146538776787501	0.0013197943924340549	0.000703140035977281	0.0004124460097339622	0.001469923637140198	0.0010269780082172275
A[C>G]T	0.00010465880745186951	0.002391963689200054	0.0013516263885353296	0.003179553181122472	0.0027344930829575277	0.005085872468519028	0.010093002067851842	0.006894604420685937
A[C>T]A	0.008635647272740243	0.01530777625933041	0.021167420132608753	0.005042289828682556	0.005288706675702883	0.018384347229386436	0.02556513066730986	0.020165772620547813
A[C>T]C	0.01785737917899909	0.022471940337876504	0.018051769411491704	0.024439894512491945	0.01229969141048059	0.03363894504918789	0.04214416139641117	0.011093832019096226
A[C>T]G	0.029051443194950316	0.06162944570107015	0.07081457118343679	0.239932124838233	0.15188414880713025	0.04244807357237306	0.008716617760187546	0.002155730126769413
A[C>T]T	0.020739734196905602	0.010394978098735236	0.021209452690439435	0.0036928285113481253	0.001541502664096015	0.011113501073742213	0.016698440861485437	0.008922265351090601
A[T>A]A	0.0003484306276232019	0.0013062156738661201	0.0033863035089250104	0.0014772103544986948	0.003453959784289964	0.001965808887410212	0.0015367633412705927	0.001362756761251731
A[T>A]C	0.0010333118077807057	0.0036886784756370618	0.006153998749085759	0.0032690739298752193	0.003473197387124287	0.0048612754356963704	0.011712201965143349	0.010094059126681718
A[T>A]G	8.246451522836651e-05	0.003701252928743912	0.004371165660417731	0.0017046975341729364	0.0020723758854584774	0.004333743230814306	0.006254057778178499	0.010366274854255692
A[T>A]T	0.0014031307616426147	0.0035593283719448547	0.006734282024447679	0.003673002820638693	0.0056239482685153065	0.0032867775068042703	0.0044541324475693145	0.002233377075928473
A[T>C]A	0.004810389694994228	0.007636430101986491	0.0053336127566458134	0.007439053519808283	0.0146187180749898	0.005133642194768413	0.0048270802387676785	0.007866199224306883
A[T>C]C	0.006295514839531506	0.008772280673482697	0.004002514889817617	0.0013396674012052757	0.0013014620399667365	0.004873512156336517	0.012002193920093874	0.008643846213127304
A[T>C]G	0.006019806388490565	0.011275487108800988	0.013782637205206925	0.009689286378788893	0.008868176876133997	0.0067012733024085945	0.015013506887379577	0.011246482796575776
A[T>C]T	0.00416611437039677	0.011376012617019456	0.016000450039088038	0.007098118029353202	0.006181763457467468	0.014053852649616871	0.026182050236576514	0.01494052505726195
A[T>G]A	0.0001422050055100499	0.0008852165833043557	0.001793166606703771	0.0023761021499258206	0.0008328569842705136	0.0005224998072524301	0.001622690332723593	0.00013905207845965606
A[T>G]C	0.0036154782598188007	0.0030160691511058246	0.0020354430453368797	0.0010902330436760367	0.0017106770475227506	0.001276577737582265	0.0020188552264958836	0.001496014593773012
A[T>G]G	0.0011012192496630746	0.001773566257288337	0.0033090499505314596	0.002434955539555688	0.0019895553773667985	0.003156934042745121	0.0030890214372651316	0.0007821855446101366
A[T>G]T	0.009790158369978598	0.003509367931355456	0.002872438091520166	0.0008254958890873709	0.0010979429769213311	0.002077263607387945	0.00296020567618001	0.0010994417576367964
C[C>A]A	0.0023218623227147218	0.006930195783161253	0.012673611406579539	0.0075763124812133495	0.01103905803236728	0.005904135843321683	0.016947559242398425	0.009010182272438527
C[C>A]C	0.009176676829711993	0.007538115089570568	0.0032489940263761598	0.002142350307785108	0.0017547189446258926	0.007401141085507063	0.009420629646206465	0.005696748526410147
C[C>A]G	0.0011445875524893267	0.004101002051001288	0.003089013815089032	0.0020206451784815726	0.0010332912501216107	0.004432222736310738	0.0050474874204972054	0.0015840417527388695
C[C>A]T	0.07710561892921759	0.00977738618153366	0.0025015584886124397	0.0010594638808159118	0.0009102039606644041	0.0017706982972792319	0.0025019791903774548	0.0011468907795421047
C[C>G]A	2.612451273762417e-05	0.0029455155573072035	0.012197808055846053	0.005288024584168855	0.005144607771917862	0.00503712304130147	0.01751522752203414	0.0158435837950816
C[C>G]C	4.582912299156305e-05	0.0029811184207991204	0.004110280825570598	0.0026382100471471406	0.0017964478276811492	0.002871578069680254	0.009347034374544023	0.012282682556983672
C[C>G]G	0.0	0.0012671095101505258	0.0015623156657935055	0.0017578273061781857	0.00154470695368218	0.002833226716860153	0.0024747282724993267	0.003463724426510737
C[C>G]T	6.110012861938685e-05	0.0036395464933809763	0.005794448519661586	0.005909014932933374	0.004097790081053745	0.008998061675814028	0.011312106930525801	0.014649065857043411
C[C>T]A	0.005159746172175801	0.024797747786806604	0.02129020543705508	0.01307993037526046	0.014735152242951698	0.03278511848863672	0.023186213577710647	0.010151083575581197
C[C>T]C	0.017237126924715084	0.019518920398513728	0.012877967468203905	0.005466168015552171	0.005874209064120636	0.026382648356143363	0.04292613228091341	0.01432138377348309
C[C>T]G	0.03594975637271961	0.04225097030118708	0.061219039592631364	0.1386785411654273	0.2328356396779418	0.013483316844842648	0.032023356332990714	0.006795847490429878
C[C>T]T	0.023840350549453434	0.017149605762899096	0.014895009079746587	0.01317339639852321	0.010837630886656058	0.01334410256888873	0.031108650645287526	0.02936395832513199
C[T>A]A	6.106174297087818e-05	0.0009108368346392304	0.002324578130576214	0.00042858308457585317	0.00040679963916860016	0.0015206376038280922	0.0047510883858818435	0.004923406380856647
C[T>A]C	0.0013771586618031505	0.004705715347132582	0.0026222645828457305	0.003547825491605181	0.003606886752818497	0.007719842318486459	0.011781981465003356	0.004265237011477439
C[T>A]G	3.761301008125883e-05	0.003982372799202025	0.0036309545241988415	0.0008586080474940516	0.002031270204513902	0.008754736399786224	0.01517068429141421	0.012451901846693118
C[T>A]T	0.0006508931924915373	0.0026172472121514545	0.007016746973470251	0.00572634280431032	0.006858209660258012	0.004937566665088866	0.0047654130513115405	0.0028439368970742864
C[T>C]A	0.0011943693088926465	0.003506193558174573	0.0034379282279920174	0.001843251569542261	0.001460526063228329	0.004888012326318005	0.00857877469486926	0.0023657308978907565
C[T>C]C	0.0046380587324634254	0.008824077661428191	0.0026497309936858258	0.0024321662233209905	0.0029684859423039713	0.011740760992049673	0.00995129450120885	0.0042060017016743246
C[T>C]G	0.0068960478860844885	0.006821728662031035	0.0074699882602090074	0.007420042686669674	0.007323227227050495	0.0026686977890756224	0.010874772958632093	0.012025329770336697
C[T>C]T	0.0022283018030897495	0.005721822557540861	0.00968481891857014	0.0045042722279123384	0.008784951110486645	0.008477208805340126	0.00304047186243281	0.0035434739543669025
C[T>G]A	0.00031899842276573054	0.0008456729149403586	0.0010818380405267192	0.0021121415168479274	0.0006662816441351538	0.000570896113633399	0.0010635531376608754	0.00015307688909498295
C[T>G]C	0.003142206884157126	0.0017313423358051238	0.003625746507198322	0.001692306085769779	0.0007076846611634835	0.0016705148659182357	0.006043969985504703	0.006141337831368716
C[T>G]G	0.002654593387733257	0.0021979357121535512	0.002160116759604307	0.0006265201152288568	0.000984790474558963	0.00164615577438191	0.007463001720918357	0.018244058657436425
C[T>G]T	0.01101899698356533	0.01274660744800073	0.004477317052813418	0.0032123916506736805	0.0055914452265427884	0.008579662950023704	0.010334190798511144	0.0032419442013667064
G[C>A]A	0.0008696205462211992	0.010575172793233492	0.006975511108818324	0.006379653404286216	0.013219321770683336	0.020096115044939893	0.011055280916258993	0.0032287113431283387
G[C>A]C	0.012095413803007772	0.005963328586480543	0.00852591999639543	0.010338137306341472	0.002945950824912217	0.0036007622661290385	0.0070896156984623085	0.005228533367335899
G[C>A]G	0.0012635919594345068	0.00366617373131362	0.005412732315358504	0.010254170529739782	0.003975106257402245	0.0037212673281520024	0.005379317541682127	0.004101313771166701
G[C>A]T	0.0838891560263255	2.6224610429395055e-05	0.0025787443711504567	2.6017896952623687e-06	6.825097559769233e-05	0.0018198075589617346	0.003320059920905294	2.365291895358723e-06
G[C>G]A	0.00011936349414611414	0.0007176940768955831	0.00167267833579686	0.00138909432599025	0.0008588161660857807	0.002512195758507616	0.004923118908328661	0.012079307140033961
G[C>G]C	0.0	0.0024234670210051233	0.006023903744976593	0.00328650875145053	0.0030242648160938314	0.004188013884506177	0.007417850923324547	0.005790410175168574
G[C>G]G	0.0	0.0014069010423852291	0.0013018126354502524	0.0012787355081356467	0.0003725569839149401	0.0041143103255109285	0.0013315891986075456	0.0012305938618823475
G[C>G]T	0.0002809368313990035	0.002743095475814954	0.0030504642812442563	0.00260038866339551	0.00029828009708019463	0.0030050682687159736	0.004704792190586744	0.016802194325328514
G[C>T]A	0.031899734850401276	0.017657699430232866	0.016090327584746263	0.010394919373096627	0.004299685771180748	0.008010174714790992	0.04514385160789971	0.031695801539499226
G[C>T]C	0.05527225429417285	0.06853775731418414	0.016888242057639787	0.025702170294939607	0.00799981738997019	0.005383878042158694	0.009428688892181753	0.004313072614383202
G[C>T]G	0.12787640925249322	0.056889193465401604	0.19188636988401414	0.09632533336378629	0.19960617244243622	0.025870569628880725	0.017441594242559404	0.016404059298001813
G[C>T]T	0.06331551736002439	0.048356768155869506	0.00994060077742347	0.00401669799475485	0.007662163425254676	0.00790917498318521	0.014312875088073725	0.0018186970001892178
G[T>A]A	9.355596381851683e-05	0.0009954869150915612	0.0020815972884811627	0.0019514568622291683	0.0007256963681191842	0.0016578449983596323	0.0029512845427634104	0.0018270672181883185
G[T>A]C	0.0020536836058868604	0.0031193887301947053	0.006192704062568278	0.00135819382872171	0.0008642875126140304	0.006011793862118395	0.011143499344209004	0.006437536839080025
G[T>A]G	0.0	0.0012022411534148602	0.001905592641768692	0.0017268310742336013	0.0029297351726065555	0.004391162083304074	0.008211167078534629	0.00802310081679252
G[T>A]T	0.0007189590030463932	0.002916741424957756	0.0024995066217972806	0.0005501306848337606	0.0013518484831202215	0.0020955125597773615	0.003637649184270657	0.001670731678067483
G[T>C]A	0.013745667390157906	0.009875071717037826	0.006817808628650397	0.00788934312289996	0.007433411826649489	0.008142167587571691	0.010100554210890778	0.006973960777079355
G[T>C]C	0.01884036436199267	0.005377740772348289	0.007351747480516053	0.0023110932510002156	0.003433002087713355	0.004989686554912253	0.005709231550593188	0.006211759110385344
G[T>C]G	0.011920640125777595	0.0142794426543594	0.008858921195357255	0.005953452533181008	0.003077561980006465	0.01104964770094341	0.010181563450267533	0.011673759653636467
G[T>C]T	0.010650647813841943	0.008404747727367408	0.006500094749878987	0.0067375456520028364	0.002467223589665366	0.007279703244562015	0.00938404297845338	0.006018465702905473
G[T>G]A	0.0007396506924578716	0.0013572864767045622	0.0007944914856054197	0.0007556344268333248	0.0010234869318513518	0.0007551510756281665	0.0024535924591077675	0.0022389389034071882
G[T>G]C	0.0031122487886682394	0.0035422346626525327	0.0022849502834629298	0.001237497541804089	0.0013282537112363358	0.001438508790927635	0.0033878333184238986	0.00149145632652413
G[T>G]G	0.0023914182755173387	0.0019051018993926404	0.0012822288691887707	0.000549878576853402	0.000573520766456177	0.0017607070053590945	0.003849515558815284	0.0017766441084852388
G[T>G]T	0.0061199675022584185	0.005062098597120594	0.0017292444156833398	0.0006482639240655175	0.0010639160480314302	0.0025423146659490216	0.002915269912803771	0.0005649935722338028
T[C>A]A	0.0012172386931456457	0.0087263091584947	0.013682886324821624	0.006805790334082929	0.00666775163837599	0.023000974147568583	0.01694516788634031	0.014029892114522227
T[C>A]C	0.012166020919976291	0.012952305890498244	0.017391508593715344	0.0088976819081131	0.014511064034008854	0.009276932382015844	0.026036271647669765	0.013774007919043924
T[C>A]G	0.0003312260229899522	0.005953845187075047	0.003115104849937751	0.005078924595545118	0.006088812475798022	0.004450240248433772	0.00548653992183624	0.0023917339516978586
T[C>A]T	0.0588278222554618	0.01891342907013609	0.01633038438086544	0.011126755142318317	0.008562097896730592	0.007158271140254442	0.009257551595914038	0.0018161948854806553
T[C>G]A	3.9438944936591726e-05	0.002081606292313225	0.003294896425690423	0.0011206955730797574	0.003409135731997921	0.0075255140542194	0.007111802078763674	0.0717542109084161
T[C>G]C	5.7449073704560763e-05	0.002289960720700943	0.0015977523953022653	0.0016749497461894158	0.0020533428082755733	0.010215834094503577	0.01490902597668807	0.04841861090645807
T[C>G]G	0.0	0.0008183491774826734	0.0019059821593699411	0.001339512690979845	0.0017393694253414616	0.00198779950856391	0.002704679923228852	0.010597684702448191
T[C>G]T	0.00024398590010755506	0.0020102996479889157	0.006209369341701461	0.00238770542847206	0.0019537896085829233	0.005357755569403366	0.007202378794299307	0.10484115496632512
T[C>T]A	0.0073783139322541645	0.016240494314508906	0.027100068707625696	0.019887912117082893	0.0056252562857361	0.07377479840330636	0.010983059802048637	0.09059206594982698
T[C>T]C	0.027713613905041266	0.030490207719714134	0.013864001948450881	0.018580250441665953	0.006984852557514216	0.0851063600910129	0.02040196412116245	0.030421513996709563
T[C>T]G	0.03754143194121269	0.14852898435667158	0.05154992781741385	0.08419447669685269	0.04834915967683628	0.1054794499692639	0.028092505080444426	0.006286902643128656
T[C>T]T	0.029607396677739997	0.016052534483495008	0.01628550468197721	0.015626726188529973	0.004247463729853677	0.08431512719961062	0.014729221301241253	0.027719033324781036
T[T>A]A	0.00011412394845081053	0.0018104379452600482	0.0032218658160557824	0.000796268945814198	0.00129295177000607	0.002256083685504615	0.005195526732453572	0.004071935953724406
T[T>A]C	0.0008093248584964386	0.0030448521767368676	0.005435236593655699	0.0014107145649829534	0.001787559944051651	0.0037553676712121843	0.008385759973004702	0.005792459122562832
T[T>A]G	0.0002480538279638012	0.0008232111308524282	0.0015590386822267632	0.0012953893837735109	0.0017297375973633678	0.0018441450143748738	0.004242011767406192	0.0035799982111289807
T[T>A]T	0.0009124872618167502	0.003051817880050481	0.0037572368660386247	0.0020731046087187365	0.004517596853066408	0.004163377309477596	0.006777736552271421	0.0037213903691007922
T[T>C]A	0.002105405073883162	0.0026246865266281107	0.002120035397637139	0.0013299864909345161	0.000739589323041514	0.00496793605079489	0.008175396885607	0.009290500909809296
T[T>C]C	0.003531097834749062	0.00956744251295106	0.005742615670219493	0.005520007274200509	0.006855840841051588	0.010844830165098074	0.0179871358179043	0.0027895760374951097
T[T>C]G	0.0034556953888488806	0.006550925558075491	0.008340706512127554	0.004776486221190055	0.0026446265409576595	0.005118889827868145	0.009494264833508624	0.0055350658022865675
T[T>C]T	0.0050982231561272325	0.005341781851262653	0.00893264135494583	0.011462724565437555	0.002355740594087905	0.0029910761614982562	0.005643564446218647	0.0036254627238952253
T[T>G]A	0.0005766876221325389	0.000803165386502016	0.0006753237717925486	0.001102358255737741	0.001495515293917684	0.0012632119730313217	0.001470650936302178	0.0003422181937983382
T[T>G]C	0.004745840194661923	0.0049327690256339455	0.0019857766339165294	0.00036057061753872686	0.0005316412449130858	0.002235676218970575	0.0026649331797761987	0.002580767498763059
T[T>G]G	0.0009882812054340206	0.0034272246844159328	0.003701267977262148	0.00149346804248637	0.003539212010457291	0.0052027193826382915	0.007557863625184211	0.003155150715104185
T[T>G]T	0.015399663834473358	0.008910169153770653	0.006517841592225296	0.0036750202819916923	0.0013929041511010708	0.0034189757744785255	0.004177410875826411	0.0017109458838827861
