MutationType	SBS96A	SBS96B	SBS96C	SBS96D	SBS96E	SBS96F	SBS96G	SBS96H
A[C>A]A	1.76E-05	1.38E-03	1.28E-03	6.67E-04	1.22E-03	1.33E-03	1.72E-03	1.66E-03
A[C>A]C	2.97E-04	1.51E-03	3.23E-03	2.01E-03	2.07E-03	2.20E-03	2.79E-03	1.59E-03
A[C>A]G	1.59E-05	8.00E-04	8.28E-04	6.16E-04	3.02E-04	7.11E-04	9.10E-04	1.01E-03
A[C>A]T	7.86E-04	2.00E-03	9.76E-04	1.02E-03	4.49E-04	1.85E-03	1.36E-03	9.67E-04
A[C>G]A	2.86E-05	6.42E-04	1.12E-03	9.80E-04	7.67E-04	9.14E-04	1.29E-03	1.64E-03
A[C>G]C	1.11E-05	8.11E-04	7.60E-04	6.70E-04	7.28E-04	7.13E-04	8.40E-04	8.16E-04
A[C>G]G	6.71E-06	2.01E-04	1.68E-04	2.20E-04	1.38E-04	1.56E-04	3.10E-04	2.52E-04
A[C>G]T	1.81E-05	5.66E-04	4.72E-04	6.85E-04	5.40E-04	9.45E-04	1.53E-03	1.00E-03
A[C>T]A	8.69E-04	2.50E-03	2.99E-03	1.01E-03	1.28E-03	2.92E-03	3.46E-03	2.55E-03
A[C>T]C	1.14E-03	3.19E-03	2.77E-03	3.29E-03	1.73E-03	3.95E-03	4.85E-03	1.80E-03
A[C>T]G	2.82E-03	7.20E-03	8.15E-03	8.19E-03	9.00E-03	5.60E-03	3.01E-03	9.34E-04
A[C>T]T	1.19E-03	1.95E-03	2.68E-03	9.77E-04	6.39E-04	2.19E-03	2.42E-03	1.50E-03
A[T>A]A	3.80E-05	3.17E-04	5.24E-04	2.37E-04	5.18E-04	5.41E-04	3.97E-04	4.53E-04
A[T>A]C	8.72E-05	8.39E-04	1.07E-03	5.94E-04	5.78E-04	9.69E-04	1.66E-03	1.35E-03
A[T>A]G	1.57E-05	9.51E-04	9.26E-04	4.74E-04	4.49E-04	9.39E-04	9.82E-04	1.18E-03
A[T>A]T	1.43E-04	8.04E-04	9.39E-04	7.75E-04	7.72E-04	6.60E-04	1.05E-03	7.23E-04
A[T>C]A	3.73E-04	1.24E-03	1.23E-03	1.29E-03	1.51E-03	1.24E-03	1.18E-03	1.10E-03
A[T>C]C	4.11E-04	1.27E-03	8.83E-04	4.40E-04	4.52E-04	1.00E-03	1.62E-03	1.13E-03
A[T>C]G	3.90E-04	2.35E-03	2.42E-03	1.64E-03	1.81E-03	1.70E-03	2.61E-03	2.02E-03
A[T>C]T	3.75E-04	1.80E-03	2.64E-03	1.59E-03	1.03E-03	2.44E-03	3.01E-03	2.02E-03
A[T>G]A	1.66E-05	2.20E-04	3.49E-04	3.44E-04	2.20E-04	1.54E-04	3.98E-04	8.59E-05
A[T>G]C	2.50E-04	5.34E-04	4.13E-04	2.91E-04	3.66E-04	3.52E-04	4.08E-04	2.68E-04
A[T>G]G	1.03E-04	3.21E-04	5.14E-04	4.13E-04	3.80E-04	5.99E-04	6.29E-04	2.35E-04
A[T>G]T	3.66E-04	6.59E-04	5.87E-04	2.83E-04	3.07E-04	4.31E-04	6.45E-04	2.95E-04
C[C>A]A	2.37E-04	1.46E-03	2.07E-03	1.51E-03	1.74E-03	1.30E-03	2.19E-03	1.18E-03
C[C>A]C	5.79E-04	1.32E-03	8.56E-04	6.14E-04	6.69E-04	1.37E-03	1.60E-03	7.76E-04
C[C>A]G	8.61E-05	7.02E-04	5.78E-04	3.26E-04	3.24E-04	6.39E-04	8.46E-04	4.65E-04
C[C>A]T	2.31E-03	2.90E-03	8.36E-04	5.92E-04	5.03E-04	5.66E-04	8.84E-04	4.22E-04
C[C>G]A	5.77E-06	9.12E-04	2.08E-03	1.27E-03	1.04E-03	1.12E-03	2.34E-03	2.04E-03
C[C>G]C	7.56E-06	9.30E-04	9.55E-04	7.81E-04	7.25E-04	7.64E-04	1.45E-03	1.36E-03
C[C>G]G	0.00E+00	3.71E-04	4.44E-04	3.50E-04	3.66E-04	6.30E-04	5.29E-04	5.94E-04
C[C>G]T	1.06E-05	8.95E-04	1.27E-03	1.38E-03	1.11E-03	1.54E-03	1.77E-03	1.67E-03
C[C>T]A	5.54E-04	3.42E-03	2.42E-03	2.09E-03	2.06E-03	2.84E-03	3.11E-03	1.90E-03
C[C>T]C	9.03E-04	2.93E-03	2.31E-03	1.43E-03	1.32E-03	3.31E-03	3.99E-03	2.04E-03
C[C>T]G	2.51E-03	5.81E-03	6.42E-03	8.31E-03	6.38E-03	3.15E-03	4.65E-03	1.56E-03
C[C>T]T	1.67E-03	3.95E-03	2.63E-03	2.34E-03	1.73E-03	2.70E-03	4.83E-03	3.13E-03
C[T>A]A	8.66E-06	2.99E-04	4.73E-04	2.44E-04	1.73E-04	3.62E-04	6.83E-04	6.19E-04
C[T>A]C	1.27E-04	9.41E-04	7.73E-04	5.51E-04	8.66E-04	1.22E-03	1.42E-03	8.01E-04
C[T>A]G	6.88E-06	1.04E-03	9.45E-04	3.27E-04	6.43E-04	1.50E-03	1.94E-03	1.56E-03
C[T>A]T	8.09E-05	5.17E-04	1.28E-03	7.53E-04	8.67E-04	1.06E-03	1.05E-03	8.09E-04
C[T>C]A	1.08E-04	6.71E-04	6.80E-04	4.32E-04	3.15E-04	1.01E-03	1.20E-03	5.25E-04
C[T>C]C	2.87E-04	1.37E-03	7.55E-04	6.31E-04	9.35E-04	1.48E-03	1.47E-03	8.99E-04
C[T>C]G	4.58E-04	1.47E-03	1.40E-03	1.23E-03	1.13E-03	8.19E-04	1.82E-03	1.42E-03
C[T>C]T	2.18E-04	1.12E-03	1.20E-03	7.59E-04	1.04E-03	1.34E-03	9.01E-04	9.51E-04
C[T>G]A	3.25E-05	1.96E-04	2.35E-04	3.32E-04	1.68E-04	1.44E-04	3.05E-04	1.08E-04
C[T>G]C	2.00E-04	3.95E-04	7.34E-04	4.79E-04	2.80E-04	4.24E-04	9.29E-04	6.89E-04
C[T>G]G	1.85E-04	5.89E-04	4.73E-04	2.68E-04	3.53E-04	5.32E-04	1.24E-03	1.30E-03
C[T>G]T	6.31E-04	1.88E-03	7.07E-04	6.45E-04	1.07E-03	1.44E-03	1.48E-03	6.31E-04
G[C>A]A	1.17E-04	2.04E-03	1.45E-03	1.09E-03	1.39E-03	2.23E-03	2.33E-03	8.18E-04
G[C>A]C	6.16E-04	1.47E-03	1.48E-03	1.49E-03	5.88E-04	9.10E-04	1.58E-03	8.98E-04
G[C>A]G	1.20E-04	8.05E-04	1.02E-03	1.33E-03	9.24E-04	7.82E-04	1.03E-03	1.14E-03
G[C>A]T	2.98E-03	2.16E-05	1.66E-03	3.07E-07	6.39E-05	1.65E-03	2.26E-03	3.68E-07
G[C>G]A	1.25E-05	3.02E-04	4.68E-04	3.48E-04	3.02E-04	5.73E-04	8.54E-04	9.57E-04
G[C>G]C	0.00E+00	7.26E-04	1.12E-03	6.47E-04	5.24E-04	8.34E-04	1.20E-03	9.98E-04
G[C>G]G	0.00E+00	3.19E-04	3.05E-04	2.84E-04	1.30E-04	5.09E-04	3.38E-04	3.00E-04
G[C>G]T	2.60E-05	7.29E-04	7.18E-04	7.41E-04	1.64E-04	6.97E-04	8.09E-04	1.28E-03
G[C>T]A	1.57E-03	3.07E-03	2.68E-03	2.20E-03	1.12E-03	1.91E-03	5.17E-03	2.83E-03
G[C>T]C	3.45E-03	7.81E-03	3.33E-03	4.72E-03	1.72E-03	1.47E-03	2.02E-03	1.28E-03
G[C>T]G	6.05E-03	7.03E-03	9.09E-03	8.76E-03	9.49E-03	3.98E-03	3.29E-03	2.71E-03
G[C>T]T	4.32E-03	7.65E-03	2.52E-03	1.23E-03	1.66E-03	1.86E-03	3.12E-03	6.91E-04
G[T>A]A	1.34E-05	3.36E-04	4.74E-04	4.13E-04	2.39E-04	3.61E-04	6.13E-04	4.53E-04
G[T>A]C	1.58E-04	7.65E-04	1.12E-03	4.70E-04	4.66E-04	1.01E-03	1.60E-03	1.13E-03
G[T>A]G	0.00E+00	4.11E-04	6.51E-04	4.39E-04	6.33E-04	8.78E-04	1.26E-03	9.83E-04
G[T>A]T	5.87E-05	5.23E-04	4.27E-04	1.46E-04	2.88E-04	4.11E-04	6.07E-04	4.61E-04
G[T>C]A	7.62E-04	1.79E-03	1.29E-03	1.27E-03	1.05E-03	1.46E-03	1.76E-03	1.09E-03
G[T>C]C	8.40E-04	1.34E-03	1.26E-03	6.86E-04	6.07E-04	1.05E-03	1.23E-03	9.49E-04
G[T>C]G	9.24E-04	2.04E-03	1.48E-03	1.07E-03	8.61E-04	2.00E-03	1.77E-03	1.52E-03
G[T>C]T	5.98E-04	1.78E-03	1.23E-03	1.38E-03	8.24E-04	1.69E-03	1.62E-03	1.11E-03
G[T>G]A	7.57E-05	3.01E-04	2.03E-04	1.85E-04	2.43E-04	2.03E-04	4.86E-04	3.53E-04
G[T>G]C	1.97E-04	6.17E-04	4.09E-04	3.19E-04	3.07E-04	3.90E-04	5.45E-04	3.21E-04
G[T>G]G	1.37E-04	3.98E-04	2.76E-04	1.99E-04	1.89E-04	3.75E-04	6.74E-04	3.65E-04
G[T>G]T	3.42E-04	8.13E-04	4.50E-04	2.94E-04	3.22E-04	5.28E-04	6.52E-04	1.66E-04
T[C>A]A	1.47E-04	1.54E-03	2.29E-03	1.36E-03	1.18E-03	2.60E-03	2.33E-03	2.00E-03
T[C>A]C	7.16E-04	2.47E-03	2.49E-03	1.80E-03	2.22E-03	1.89E-03	3.64E-03	1.48E-03
T[C>A]G	4.47E-05	1.13E-03	6.12E-04	8.91E-04	8.58E-04	8.97E-04	1.16E-03	5.07E-04
T[C>A]T	2.76E-03	3.88E-03	2.86E-03	2.65E-03	1.68E-03	1.91E-03	2.98E-03	5.74E-04
T[C>G]A	5.86E-06	8.09E-04	1.07E-03	4.58E-04	1.12E-03	1.85E-03	1.68E-03	3.08E-03
T[C>G]C	8.19E-06	7.76E-04	4.91E-04	6.27E-04	1.05E-03	2.32E-03	2.41E-03	2.91E-03
T[C>G]G	0.00E+00	3.57E-04	4.59E-04	3.56E-04	3.04E-04	5.45E-04	5.78E-04	7.64E-04
T[C>G]T	2.28E-05	9.15E-04	2.05E-03	9.68E-04	8.45E-04	1.66E-03	2.25E-03	4.49E-03
T[C>T]A	6.29E-04	3.14E-03	4.08E-03	3.65E-03	1.31E-03	7.76E-03	2.66E-03	7.08E-03
T[C>T]C	1.92E-03	4.51E-03	2.94E-03	2.73E-03	1.44E-03	6.55E-03	2.82E-03	3.13E-03
T[C>T]G	2.96E-03	1.02E-02	5.83E-03	6.42E-03	4.67E-03	7.44E-03	4.41E-03	1.91E-03
T[C>T]T	1.83E-03	2.93E-03	2.73E-03	3.34E-03	1.49E-03	6.89E-03	3.23E-03	4.02E-03
T[T>A]A	1.44E-05	5.49E-04	6.44E-04	3.40E-04	3.38E-04	4.67E-04	8.72E-04	6.82E-04
T[T>A]C	9.13E-05	7.24E-04	8.89E-04	3.07E-04	4.52E-04	6.87E-04	1.22E-03	8.29E-04
T[T>A]G	2.75E-05	2.37E-04	3.29E-04	2.91E-04	3.59E-04	4.37E-04	6.06E-04	4.95E-04
T[T>A]T	6.19E-05	7.60E-04	8.96E-04	5.74E-04	9.47E-04	1.02E-03	1.11E-03	8.27E-04
T[T>C]A	1.77E-04	6.42E-04	5.14E-04	4.95E-04	2.86E-04	8.03E-04	1.16E-03	1.00E-03
T[T>C]C	2.75E-04	1.76E-03	1.24E-03	1.14E-03	1.43E-03	2.06E-03	2.53E-03	7.43E-04
T[T>C]G	2.78E-04	1.25E-03	1.40E-03	9.50E-04	7.04E-04	1.14E-03	1.42E-03	9.34E-04
T[T>C]T	3.84E-04	1.22E-03	1.50E-03	1.68E-03	6.85E-04	8.05E-04	1.25E-03	1.01E-03
T[T>G]A	4.75E-05	1.81E-04	1.86E-04	1.96E-04	2.30E-04	2.77E-04	3.06E-04	1.13E-04
T[T>G]C	3.43E-04	7.91E-04	4.44E-04	2.04E-04	1.73E-04	5.18E-04	5.62E-04	4.51E-04
T[T>G]G	8.88E-05	6.01E-04	7.28E-04	3.75E-04	6.47E-04	8.53E-04	1.01E-03	5.50E-04
T[T>G]T	8.78E-04	1.66E-03	1.26E-03	1.08E-03	3.43E-04	7.91E-04	1.09E-03	4.25E-04
