MutationType	SBS96A	SBS96B	SBS96C	SBS96D	SBS96E	SBS96F	SBS96G	SBS96H	SBS96I	SBS96J
A[C>A]A	1.84E-05	1.45E-03	1.04E-03	9.90E-04	9.88E-04	1.28E-03	1.07E-03	2.30E-03	2.54E-03	1.96E-03
A[C>A]C	3.15E-04	1.25E-03	2.78E-03	1.94E-03	2.85E-03	2.26E-03	3.18E-03	2.96E-03	3.19E-03	2.35E-03
A[C>A]G	1.99E-05	5.18E-04	7.52E-04	4.13E-04	5.59E-04	6.00E-04	7.07E-04	1.23E-03	9.77E-04	1.28E-03
A[C>A]T	9.59E-04	2.07E-03	9.16E-04	2.22E-03	8.88E-04	1.13E-03	1.96E-03	1.43E-03	2.27E-03	1.08E-03
A[C>G]A	2.67E-05	8.55E-04	1.27E-03	8.63E-04	1.07E-03	7.46E-04	1.31E-03	1.63E-03	1.05E-03	1.77E-03
A[C>G]C	1.62E-05	7.29E-04	5.27E-04	5.83E-04	5.22E-04	1.02E-03	7.97E-04	1.29E-03	9.71E-04	1.24E-03
A[C>G]G	1.07E-05	3.39E-04	2.71E-04	9.11E-05	2.63E-04	1.94E-04	2.37E-04	2.20E-04	2.96E-04	3.19E-04
A[C>G]T	1.35E-05	1.33E-03	4.08E-04	1.04E-03	8.25E-04	7.64E-04	7.75E-04	9.82E-04	1.49E-03	1.08E-03
A[C>T]A	8.66E-04	2.45E-03	1.73E-03	3.08E-03	2.27E-03	1.98E-03	3.87E-03	3.14E-03	4.34E-03	2.37E-03
A[C>T]C	1.32E-03	3.00E-03	5.09E-03	5.35E-03	4.43E-03	3.93E-03	5.09E-03	3.99E-03	5.58E-03	2.26E-03
A[C>T]G	3.47E-03	8.60E-03	9.99E-03	7.03E-03	9.38E-03	1.08E-02	2.94E-03	5.47E-03	3.75E-03	1.63E-03
A[C>T]T	1.74E-03	3.34E-03	2.24E-03	9.22E-04	1.79E-03	5.55E-04	2.18E-03	2.48E-03	4.95E-03	1.41E-03
A[T>A]A	4.44E-05	2.30E-04	4.37E-04	4.54E-04	4.27E-04	5.62E-04	7.01E-04	4.87E-04	5.20E-04	4.57E-04
A[T>A]C	1.08E-04	8.46E-04	9.40E-04	7.51E-04	8.83E-04	1.04E-03	1.64E-03	1.54E-03	2.22E-03	8.91E-04
A[T>A]G	1.85E-05	5.64E-04	9.40E-04	9.38E-04	7.21E-04	7.71E-04	8.80E-04	1.51E-03	9.90E-04	1.15E-03
A[T>A]T	1.25E-04	5.88E-04	1.15E-03	9.51E-04	8.84E-04	1.04E-03	1.07E-03	1.11E-03	1.28E-03	4.49E-04
A[T>C]A	4.57E-04	1.51E-03	1.68E-03	1.52E-03	1.41E-03	1.65E-03	1.96E-03	1.61E-03	8.99E-04	1.36E-03
A[T>C]C	5.84E-04	1.40E-03	7.30E-04	9.68E-04	6.26E-04	8.55E-04	1.45E-03	1.04E-03	1.68E-03	1.79E-03
A[T>C]G	4.61E-04	2.69E-03	2.33E-03	2.11E-03	1.46E-03	2.87E-03	2.68E-03	3.60E-03	3.31E-03	2.14E-03
A[T>C]T	3.62E-04	1.76E-03	2.15E-03	2.67E-03	1.94E-03	2.58E-03	3.86E-03	2.80E-03	4.84E-03	2.33E-03
A[T>G]A	1.79E-05	4.35E-04	2.76E-04	2.51E-04	3.16E-04	3.61E-04	3.30E-04	3.45E-04	3.41E-04	1.68E-04
A[T>G]C	3.45E-04	6.74E-04	3.83E-04	4.40E-04	2.27E-04	3.52E-04	4.00E-04	4.71E-04	6.84E-04	3.88E-04
A[T>G]G	1.06E-04	2.71E-04	4.97E-04	4.98E-04	5.55E-04	6.10E-04	6.51E-04	5.70E-04	9.14E-04	3.61E-04
A[T>G]T	5.14E-04	5.83E-04	4.94E-04	5.61E-04	2.28E-04	6.07E-04	6.24E-04	5.14E-04	7.84E-04	4.81E-04
C[C>A]A	3.16E-04	1.52E-03	1.54E-03	1.66E-03	1.69E-03	1.99E-03	1.81E-03	1.18E-03	3.25E-03	1.79E-03
C[C>A]C	8.30E-04	1.55E-03	5.93E-04	1.22E-03	6.02E-04	5.99E-04	8.84E-04	1.25E-03	2.10E-03	1.17E-03
C[C>A]G	1.10E-04	7.03E-04	3.60E-04	1.03E-03	6.18E-04	6.11E-04	7.49E-04	6.38E-04	1.03E-03	6.59E-04
C[C>A]T	4.38E-03	4.69E-03	1.27E-03	1.11E-03	5.62E-04	1.58E-03	1.69E-03	2.51E-03	1.62E-03	3.33E-04
C[C>G]A	5.80E-06	2.11E-03	1.72E-03	1.52E-03	1.42E-03	1.42E-03	2.47E-03	2.05E-03	2.26E-03	2.34E-03
C[C>G]C	8.55E-06	5.95E-04	1.01E-03	8.32E-04	6.38E-04	9.43E-04	1.40E-03	1.09E-03	1.93E-03	1.79E-03
C[C>G]G	0.00E+00	3.27E-04	3.55E-04	5.82E-04	4.79E-04	4.17E-04	6.36E-04	6.26E-04	8.19E-04	8.04E-04
C[C>G]T	8.71E-06	1.21E-03	9.05E-04	1.10E-03	9.78E-04	1.59E-03	1.52E-03	2.31E-03	2.48E-03	1.95E-03
C[C>T]A	6.21E-04	2.54E-03	2.95E-03	5.17E-03	1.93E-03	2.86E-03	5.11E-03	4.42E-03	3.12E-03	1.36E-03
C[C>T]C	1.15E-03	3.67E-03	1.32E-03	4.47E-03	1.43E-03	2.05E-03	4.36E-03	3.41E-03	4.44E-03	1.71E-03
C[C>T]G	3.36E-03	5.05E-03	1.08E-02	4.25E-03	1.10E-02	1.00E-02	5.34E-03	2.83E-03	4.92E-03	1.41E-03
C[C>T]T	1.63E-03	5.62E-03	2.43E-03	2.08E-03	3.29E-03	3.46E-03	2.78E-03	1.30E-03	9.70E-03	3.05E-03
C[T>A]A	8.36E-06	3.16E-04	5.06E-04	3.43E-04	2.34E-04	2.38E-04	5.62E-04	7.84E-04	6.39E-04	6.52E-04
C[T>A]C	1.29E-04	6.06E-04	7.65E-04	1.47E-03	8.00E-04	1.58E-03	1.17E-03	9.64E-04	1.35E-03	9.35E-04
C[T>A]G	8.14E-06	1.32E-03	3.92E-04	1.68E-03	5.28E-04	8.36E-04	1.90E-03	1.59E-03	2.01E-03	1.81E-03
C[T>A]T	1.13E-04	3.03E-04	1.17E-03	7.82E-04	1.22E-03	1.18E-03	7.16E-04	1.29E-03	1.52E-03	6.22E-04
C[T>C]A	1.74E-04	6.22E-04	4.62E-04	1.17E-03	8.17E-04	9.07E-04	1.01E-03	5.67E-04	1.52E-03	5.63E-04
C[T>C]C	3.23E-04	9.02E-04	6.24E-04	1.58E-03	6.65E-04	1.45E-03	1.47E-03	1.36E-03	1.32E-03	1.11E-03
C[T>C]G	4.64E-04	1.44E-03	1.36E-03	1.29E-03	1.67E-03	1.34E-03	1.28E-03	1.30E-03	2.18E-03	1.58E-03
C[T>C]T	2.25E-04	1.12E-03	1.53E-03	8.63E-04	1.00E-03	1.40E-03	1.71E-03	1.60E-03	1.07E-03	5.92E-04
C[T>G]A	3.10E-05	3.15E-04	2.51E-04	1.83E-04	2.67E-04	1.27E-04	2.25E-04	4.38E-04	3.81E-04	1.47E-04
C[T>G]C	2.34E-04	5.79E-04	6.59E-04	4.26E-04	4.82E-04	2.92E-04	5.48E-04	8.76E-04	1.03E-03	8.95E-04
C[T>G]G	2.07E-04	4.57E-04	4.67E-04	3.99E-04	4.46E-04	9.78E-04	4.48E-04	1.36E-03	1.79E-03	1.79E-03
C[T>G]T	6.83E-04	1.84E-03	1.17E-03	1.06E-03	7.05E-04	1.65E-03	2.04E-03	1.17E-03	1.81E-03	1.01E-03
G[C>A]A	1.70E-04	2.12E-03	1.21E-03	2.82E-03	1.80E-03	2.26E-03	3.02E-03	1.64E-03	2.28E-03	1.75E-03
G[C>A]C	6.40E-04	2.15E-03	1.00E-03	9.52E-04	1.40E-03	7.45E-04	1.46E-03	1.44E-03	1.62E-03	9.95E-04
G[C>A]G	1.22E-04	1.11E-03	6.46E-04	7.15E-04	1.26E-03	9.77E-04	1.04E-03	1.26E-03	1.72E-03	1.20E-03
G[C>A]T	3.11E-03	1.47E-03	2.10E-03	3.70E-05	8.45E-05	1.34E-04	9.44E-04	2.68E-04	1.59E-03	3.62E-05
G[C>G]A	1.29E-05	4.87E-04	4.56E-04	3.39E-04	1.85E-04	4.45E-04	2.21E-04	1.30E-03	1.16E-03	1.17E-03
G[C>G]C	0.00E+00	4.26E-04	1.15E-03	8.04E-04	8.00E-04	1.25E-03	1.34E-03	1.42E-03	1.36E-03	1.03E-03
G[C>G]G	0.00E+00	2.79E-04	3.16E-04	5.69E-04	3.07E-04	1.79E-04	3.20E-04	6.36E-04	6.08E-04	2.38E-04
G[C>G]T	2.66E-05	9.73E-04	3.15E-04	3.31E-04	5.66E-04	6.19E-04	7.33E-04	1.58E-03	1.17E-03	1.61E-03
G[C>T]A	2.14E-03	5.86E-03	3.96E-03	1.87E-03	3.26E-03	3.99E-03	3.11E-03	2.86E-03	6.03E-03	5.12E-03
G[C>T]C	3.55E-03	1.21E-02	2.17E-03	2.06E-03	2.03E-03	2.21E-03	2.62E-03	1.14E-03	2.12E-03	1.94E-03
G[C>T]G	6.81E-03	5.71E-03	1.10E-02	3.93E-03	9.25E-03	9.73E-03	9.57E-03	5.40E-03	3.15E-03	3.10E-03
G[C>T]T	5.97E-03	6.38E-03	1.03E-03	5.36E-03	6.98E-04	3.30E-03	4.02E-03	1.70E-03	4.68E-03	4.01E-04
G[T>A]A	1.33E-05	3.49E-04	3.31E-04	5.17E-04	4.60E-04	3.04E-04	5.64E-04	4.62E-04	6.46E-04	2.96E-04
G[T>A]C	1.76E-04	9.89E-04	1.08E-03	6.53E-04	6.58E-04	7.23E-04	1.06E-03	1.56E-03	1.86E-03	1.39E-03
G[T>A]G	0.00E+00	7.86E-04	4.04E-04	9.44E-04	3.49E-04	8.91E-04	6.94E-04	1.19E-03	1.20E-03	1.06E-03
G[T>A]T	7.16E-05	4.14E-04	4.25E-04	4.12E-04	3.70E-04	4.73E-04	5.69E-04	7.22E-04	4.67E-04	4.97E-04
G[T>C]A	8.96E-04	1.64E-03	1.73E-03	1.83E-03	9.36E-04	2.25E-03	2.25E-03	1.44E-03	2.27E-03	1.51E-03
G[T>C]C	1.28E-03	1.21E-03	1.12E-03	1.71E-03	4.77E-04	1.02E-03	1.47E-03	1.26E-03	1.75E-03	9.26E-04
G[T>C]G	8.96E-04	2.43E-03	8.68E-04	1.81E-03	6.60E-04	1.30E-03	2.39E-03	1.58E-03	3.13E-03	1.74E-03
G[T>C]T	6.96E-04	2.42E-03	1.36E-03	1.12E-03	1.65E-03	1.77E-03	1.39E-03	2.06E-03	2.53E-03	1.03E-03
G[T>G]A	8.21E-05	2.82E-04	1.94E-04	1.07E-04	2.84E-04	3.60E-04	2.32E-04	2.12E-04	4.43E-04	4.33E-04
G[T>G]C	2.55E-04	7.99E-04	3.26E-04	4.95E-04	3.64E-04	5.84E-04	6.41E-04	5.61E-04	9.90E-04	5.34E-04
G[T>G]G	1.76E-04	5.35E-04	3.04E-04	4.13E-04	3.01E-04	3.54E-04	3.62E-04	5.79E-04	5.83E-04	5.66E-04
G[T>G]T	4.29E-04	9.82E-04	3.25E-04	6.32E-04	3.87E-04	5.15E-04	5.97E-04	4.50E-04	6.23E-04	2.74E-04
T[C>A]A	1.45E-04	1.60E-03	2.24E-03	2.60E-03	2.00E-03	1.50E-03	2.67E-03	3.20E-03	3.44E-03	1.57E-03
T[C>A]C	1.32E-03	1.69E-03	2.17E-03	3.08E-03	2.51E-03	3.63E-03	3.67E-03	2.57E-03	5.53E-03	1.60E-03
T[C>A]G	4.25E-05	1.02E-03	8.54E-04	9.72E-04	9.80E-04	1.22E-03	1.04E-03	1.36E-03	1.53E-03	7.28E-04
T[C>A]T	2.83E-03	4.30E-03	3.77E-03	1.24E-03	2.81E-03	2.24E-03	3.00E-03	2.37E-03	4.23E-03	8.84E-04
T[C>G]A	6.82E-06	1.64E-03	9.06E-04	1.51E-03	7.09E-04	1.39E-03	9.63E-04	2.98E-03	2.43E-03	4.56E-03
T[C>G]C	8.20E-06	1.25E-03	9.81E-04	1.79E-03	6.29E-04	1.30E-03	6.52E-04	1.90E-03	2.42E-03	3.56E-03
T[C>G]G	0.00E+00	4.10E-04	3.33E-04	1.73E-04	2.24E-04	4.68E-04	5.73E-04	6.01E-04	5.35E-04	1.12E-03
T[C>G]T	2.14E-05	6.66E-04	4.50E-04	1.30E-03	1.27E-03	5.80E-04	4.92E-04	1.92E-03	1.20E-03	4.71E-03
T[C>T]A	7.46E-04	2.57E-03	2.65E-03	4.75E-03	2.98E-03	1.41E-03	3.10E-03	1.09E-02	1.48E-03	6.43E-03
T[C>T]C	2.22E-03	4.13E-03	7.47E-04	9.86E-03	3.87E-03	3.68E-03	4.06E-03	3.95E-03	3.63E-03	3.68E-03
T[C>T]G	3.95E-03	1.19E-02	6.04E-03	1.17E-02	7.33E-03	5.27E-03	7.59E-03	6.92E-03	3.91E-03	1.45E-03
T[C>T]T	2.10E-03	4.71E-03	2.54E-03	8.20E-03	3.09E-03	1.96E-03	6.29E-03	7.86E-03	3.09E-03	2.65E-03
T[T>A]A	1.43E-05	5.27E-04	6.02E-04	4.34E-04	2.59E-04	4.68E-04	7.23E-04	9.28E-04	8.91E-04	6.21E-04
T[T>A]C	1.09E-04	6.87E-04	4.90E-04	9.71E-04	2.68E-04	1.07E-03	1.25E-03	9.82E-04	1.07E-03	6.95E-04
T[T>A]G	3.35E-05	2.70E-04	3.80E-04	4.46E-04	2.34E-04	3.04E-04	5.42E-04	3.96E-04	5.16E-04	7.10E-04
T[T>A]T	6.80E-05	2.99E-04	7.24E-04	9.77E-04	5.60E-04	1.56E-03	1.19E-03	9.49E-04	1.33E-03	9.36E-04
T[T>C]A	2.33E-04	7.41E-04	4.96E-04	1.01E-03	4.92E-04	5.28E-04	8.78E-04	7.01E-04	1.34E-03	1.05E-03
T[T>C]C	3.60E-04	1.40E-03	1.15E-03	2.70E-03	1.03E-03	2.07E-03	2.91E-03	2.57E-03	2.92E-03	1.10E-03
T[T>C]G	3.17E-04	1.15E-03	8.99E-04	6.98E-04	1.07E-03	8.75E-04	1.19E-03	1.76E-03	2.39E-03	5.76E-04
T[T>C]T	3.90E-04	1.30E-03	1.62E-03	1.29E-03	1.35E-03	1.15E-03	1.21E-03	1.53E-03	2.18E-03	8.49E-04
T[T>G]A	5.93E-05	1.51E-04	2.08E-04	2.04E-04	2.61E-04	3.11E-04	2.34E-04	1.69E-04	3.57E-04	2.38E-04
T[T>G]C	4.89E-04	6.94E-04	3.44E-04	6.30E-04	1.11E-04	2.08E-04	7.61E-04	5.93E-04	8.22E-04	3.12E-04
T[T>G]G	9.28E-05	6.65E-04	6.78E-04	1.02E-03	6.51E-04	5.66E-04	1.19E-03	6.16E-04	1.40E-03	5.79E-04
T[T>G]T	9.75E-04	1.60E-03	9.61E-04	1.05E-03	9.57E-04	1.05E-03	1.28E-03	6.63E-04	2.05E-03	3.44E-04
