MutationType	SBS96A	SBS96B	SBS96C	SBS96D	SBS96E	SBS96F	SBS96G	SBS96H	SBS96I	SBS96J
A[C>A]A	0.00012049777976756104	0.004831490022873197	0.0035980738868590834	0.00376175325944061	0.0033862837679981793	0.004978165036342546	0.0053459345626608035	0.014799161567960368	0.011450753744274778	0.01381336479258799
A[C>A]C	0.00251063426372653	0.0065171858510353784	0.020892398547475752	0.008971532547315064	0.01582192856142285	0.011682717740345083	0.01842069379819833	0.015885348533631712	0.017223885020969193	0.013800323888689263
A[C>A]G	0.00018448082687257282	0.0014820640081089208	0.0029848388721985942	0.001278611484921619	0.0017646923077754195	0.002001684289965198	0.0027415907974883426	0.006261381764759051	0.0034332570402115436	0.008879443370251181
A[C>A]T	0.01548049758620746	0.010009034607855937	0.004213393713766891	0.01688139953461132	0.003201562907141806	0.003558927557310767	0.009198686317534453	0.007392311170168569	0.01127403743359681	0.006030645337150986
A[C>G]A	0.000324766255268969	0.0019311730809202744	0.0041602609416200665	0.002366122572695133	0.0038603722116114627	0.002970040295097067	0.00597310495674094	0.01187423056546308	0.0032600847040302485	0.012781820267489934
A[C>G]C	9.396362541835401e-05	0.0022374220777562925	0.0020240312852462237	0.001218197542664967	0.0022744618403687865	0.0050999252566410296	0.0032923518397949183	0.008294131146226959	0.004432112577108995	0.006103380217672907
A[C>G]G	4.220533715241004e-05	0.0009656357323415499	0.0008329808274380391	0.00015272937668909804	0.0016064890073116444	0.0008710758445403144	0.0006614382807596364	0.0006674979199739539	0.0011259721667769896	0.0012563131183514998
A[C>G]T	8.107868139001718e-05	0.004322424872333812	0.0012158763237431459	0.005062668105588273	0.0038828940680234857	0.004102583039396421	0.002865438468054542	0.00446582917858052	0.007892358419119177	0.005082580079853809
A[C>T]A	0.008412206713374814	0.014873181073331522	0.009610279438267071	0.017494265706429635	0.006893903160976661	0.008301631186757277	0.02719520884686176	0.01800338110995625	0.0269857491696996	0.012858474067257361
A[C>T]C	0.015511219205596944	0.016004240264160217	0.024817525426146857	0.04167497893724345	0.020579565484263186	0.020762103610443033	0.029087561803485266	0.02171313277637637	0.03031467679877551	0.01211142420350825
A[C>T]G	0.03722932511901718	0.07379513425142893	0.11711358010729328	0.05079896024235242	0.2855564098805189	0.10809168548765054	0.00985806338572246	0.029638336122966392	0.010532678762737079	0.0031239330094192043
A[C>T]T	0.02048268061948022	0.01695018922547483	0.011249560196324353	0.00280813979292418	0.00590093293781095	0.0009330313722198014	0.01168282269836908	0.014956413203710781	0.02999083531817064	0.008217538859628632
A[T>A]A	0.0003322948087596312	0.0008899147399202967	0.0023909006690431057	0.0013655723990537094	0.002130372593931185	0.0029442725442412865	0.00339467489757439	0.0018320519651143742	0.0021158547916991922	0.0013566569932015682
A[T>A]C	0.0010530120226972884	0.003549718727029543	0.004429610504509753	0.0027029065132976628	0.004004079227489683	0.004416165343889702	0.008461444335774218	0.008605769153053302	0.014310684009971908	0.005283776381494932
A[T>A]G	8.662881453346926e-05	0.002008982714189358	0.003464958466186623	0.0035958828390221663	0.0022618577810912654	0.003413084648717586	0.0042147440886187585	0.009326184255606478	0.004106020260427226	0.008227766863026318
A[T>A]T	0.0014317999217354595	0.0020472786051004732	0.007231131816008656	0.00340379522305426	0.0038682110533105173	0.00527493337591153	0.004935356558465855	0.004692025926787835	0.005685132290569186	0.0012596277070505834
A[T>C]A	0.004526816526606581	0.009207385624043241	0.00842187988355354	0.004755612301975134	0.008876349717989172	0.010845028669830014	0.008517123068376264	0.0066862214592337925	0.00339707259850627	0.007833859404757391
A[T>C]C	0.006507510174052983	0.007930815083527934	0.002290559794328999	0.003788689554519635	0.0019923228745450674	0.0022199970877927553	0.007000942721244101	0.0044522521625826525	0.010400008386606032	0.012740251479129938
A[T>C]G	0.006424920751805984	0.010303112480275808	0.010394471059213685	0.005696253383898124	0.00583877993254788	0.013946894641558174	0.014304798302372603	0.01630756256575182	0.01563966352512125	0.011547379394064094
A[T>C]T	0.004453055107234654	0.007568129592501123	0.00860791051058726	0.012384231733859821	0.0077082288781987526	0.01092218963006644	0.02533897979219091	0.015921801501433776	0.029729310103987102	0.010328494954416243
A[T>G]A	0.0001488262507799476	0.0016802708569177583	0.0007276080100118421	0.0008671226075228944	0.001624950849891107	0.001608285317753122	0.0014968453342815026	0.0013426714662401196	0.0011814646032254927	0.0002931983082881118
A[T>G]C	0.0036104459618059082	0.0036607127918614423	0.0015877921378452697	0.0014762355945516232	0.0007623138652238737	0.0016105053350978693	0.0012771019084232193	0.0014999235047370974	0.003079876119743403	0.001935032937624186
A[T>G]G	0.0010409396320420683	0.00126326117609878	0.0022928117436916296	0.0027830224247213666	0.0032168486439942967	0.002442483955148115	0.00320543232660043	0.0023315548830291277	0.00358104725833428	0.0007263984215691721
A[T>G]T	0.01040949194911434	0.0024121879761719355	0.0018816198487625257	0.001974105203025047	0.00046163534205334144	0.002558281197755292	0.0029404919589654456	0.0018451624716611548	0.00268449911567771	0.0023115100499447295
C[C>A]A	0.002664991365275	0.009957707502550548	0.007106553391274417	0.006019720284169876	0.006374902278195904	0.011923435118067687	0.008996665767272418	0.004154021594004007	0.02314344710580258	0.012532667186881667
C[C>A]C	0.009506838264840702	0.008124316950725827	0.0014538177100929773	0.006026614783291109	0.0018341206062339665	0.0013663445494439585	0.0024794326388004606	0.007222095329556712	0.013327498751459055	0.006768443182201196
C[C>A]G	0.0011393161310411415	0.003889554426128825	0.0011132502258766408	0.005294485616352204	0.0024467018813319184	0.0018481219657167003	0.003871326375339095	0.002691019635670955	0.004613039713520379	0.002403044575191249
C[C>A]T	0.07604213625029584	0.021487624920587825	0.0036674816118591027	0.001726794096805495	0.001141667682748384	0.00408377813210123	0.003343372049371559	0.005355136201102368	0.004016732492875121	0.0007593088019530115
C[C>G]A	2.3267046763066902e-05	0.006287144522557356	0.007696403249517942	0.006497724800533931	0.005269365756574871	0.007560515524815941	0.01016338591990845	0.008702740391319424	0.0100955944078936	0.017193468743184254
C[C>G]C	3.760659910653885e-05	0.0016798534943934839	0.003529922985354119	0.0028544098469421185	0.0018099711799897937	0.0028975362994228247	0.005679356675635354	0.005133843901431021	0.011857071759904657	0.011322947086167118
C[C>G]G	0.0	0.000800041186179854	0.0009085618330036737	0.0023456613550641237	0.001988582942154853	0.0014405001484962554	0.0021238601279209134	0.0030178893576740507	0.002463510534534734	0.004676757846139452
C[C>G]T	4.807327150956553e-05	0.0028117323109322	0.0028836647467002765	0.004595492847134892	0.0031223677971135544	0.00710220536223396	0.006030869062076647	0.01579740254252613	0.012783291133886649	0.013655949853492616
C[C>T]A	0.004323960040460406	0.016575715786693195	0.017471721125361342	0.04054249788322295	0.007754975719369383	0.015218095854036164	0.03375449800570493	0.030478226548026725	0.01565720204740984	0.006281942303028245
C[C>T]C	0.017509936310915783	0.018036228895694437	0.004366650923162752	0.030318027496314244	0.003543257590936264	0.010205433772368622	0.03290047319134466	0.019886573919036435	0.03244002736883829	0.010705787363153262
C[C>T]G	0.0392841738723029	0.033600071484813414	0.11737955379299819	0.016659524498231805	0.13644903098773284	0.2522952229529619	0.03433963150776188	0.009640681932719417	0.025977535488318132	0.004989544494310394
C[C>T]T	0.018638234915288196	0.02688759738929864	0.010899256051354946	0.00834070486405949	0.01289812895176567	0.015172184903376709	0.011921994132729595	0.0041636864255895035	0.07092964400485187	0.025041528030517384
C[T>A]A	5.72155131828822e-05	0.0006891234118614164	0.0016079664743037546	0.0008558903571673682	0.0006608300283106416	0.000445245635315521	0.002151556540427002	0.005281765379678305	0.003230408697738323	0.004336958979457819
C[T>A]C	0.0012611574092286576	0.0029344423168652157	0.0022566506147185805	0.008341903462954452	0.0034735815037184635	0.008541652879022194	0.00568210207860691	0.005920548008049877	0.007418188086137718	0.003831694727209367
C[T>A]G	3.754459186211534e-05	0.0037375711218055586	0.0009612409109242747	0.009329265617999169	0.0014593058062332886	0.002448052892229029	0.00985768793515966	0.008706170949801901	0.010730942333132418	0.012550085696980772
C[T>A]T	0.0007437444610469868	0.000999105416631549	0.00785567246026119	0.0032247339107482277	0.00576887133518369	0.007404293016706731	0.003975204345460313	0.006750340671743587	0.00643688466472548	0.0020197726270354366
C[T>C]A	0.001347256943115127	0.002544821197227128	0.001924274835484212	0.0056160272215912245	0.0031309644278238124	0.0038026761214515403	0.004811682521046805	0.0021490819385767425	0.008344748581720865	0.0015151817293062209
C[T>C]C	0.004465624456899491	0.0040334025100563055	0.002016126231310835	0.013326728613275236	0.002560760648968383	0.005746265581540478	0.009310857498556402	0.006062882264753284	0.005432139820271118	0.005486865380323138
C[T>C]G	0.005812391684030444	0.008396590008371022	0.007713068126589065	0.004150496765203684	0.00963839318233184	0.0049413881477251564	0.005647814139261342	0.005455933488261024	0.010438720389366267	0.013951922903928562
C[T>C]T	0.0024007572840082504	0.005740960850832266	0.009955163185084074	0.0035875950264173183	0.004134672847720538	0.007858835807588206	0.009219471715075542	0.00958602679324116	0.004264710260563334	0.0014919226703219125
C[T>G]A	0.00022947637536852028	0.001451054664789808	0.0007583198301564753	0.0005046415793692738	0.0015681396489951637	0.00036515346248645387	0.0008451621878579729	0.0016251363857251989	0.0018005975454980217	0.0002981824947033118
C[T>G]C	0.002907178348298771	0.0028148249054701325	0.0030788153810657093	0.000838508668870439	0.0012245121230728274	0.001141184695943922	0.002604817018419645	0.0036087553102457704	0.004708861495279564	0.007950788569692122
C[T>G]G	0.0029473460261795026	0.0011456525755881586	0.0012200025667871727	0.00072214037838652	0.0008581419006826251	0.003220241807177615	0.0008838537159513749	0.00649294882098161	0.009018292647757704	0.01923472868127277
C[T>G]T	0.009976618313214659	0.011333694854121034	0.007104605040178314	0.005416076700240638	0.003438438290170183	0.007129286472311378	0.011052167157060637	0.0055012757586247575	0.009507860276973758	0.004064999991572904
G[C>A]A	0.0012078906389297117	0.008464624950885664	0.0056522351329675756	0.017339636568590323	0.008804251932850775	0.012459156321197042	0.017783328279398915	0.006499517514814954	0.008774963509048349	0.004531493600484211
G[C>A]C	0.011029495414345548	0.009948768291366933	0.00622895874265538	0.003960608956520418	0.00847332629934641	0.0031369933358379944	0.006382641660888258	0.0051480522713484335	0.007438749896380586	0.005650236073570909
G[C>A]G	0.0010234972870458137	0.006175654321601201	0.0029892204733469895	0.0026128163764678903	0.00802201391409902	0.004843635261084813	0.004218155093405045	0.00578954900231679	0.0084228265706858	0.004487999965187157
G[C>A]T	0.08577009788126247	0.0020849629357905996	0.00422025655557519	5.374706221928705e-05	8.724541887119131e-05	0.00018818875890737276	0.0011695103051125243	0.00027013437154693065	0.0023884764256078485	5.880279915729147e-05
G[C>G]A	0.00010149649283789585	0.0011085522461555897	0.0012495712118516166	0.0010350362867870189	0.0005799295260484171	0.0011552444018459141	0.0004965323251162701	0.009099980828674746	0.005403150884907219	0.010834204900204156
G[C>G]C	0.0	0.0009693939440164101	0.003806981216611689	0.002766201705774689	0.003346872962686831	0.005170148727854382	0.006828334779499166	0.007875245364132581	0.005829978068648103	0.005147108900606128
G[C>G]G	0.0	0.000561846589736632	0.0010501531474346848	0.003216123288629049	0.0013564828904525682	0.00042325213479806224	0.0011618223484266821	0.003726579552253071	0.0019031693703435337	0.0006179039016264731
G[C>G]T	0.0002791560183868569	0.0020293023448411775	0.0009112561935731378	0.0008896577510492421	0.0015708555849726124	0.00151455876355044	0.0019252080760274737	0.012255800180910228	0.005755154006314314	0.01596238531993407
G[C>T]A	0.030070411136695157	0.032702749029743926	0.016999686840097287	0.006372234833122548	0.012635760222756715	0.014354923096353217	0.012606247346034535	0.014676709542322329	0.02608108208535441	0.03874476994480574
G[C>T]C	0.041191905793637636	0.1499945197518673	0.009073423535173503	0.006588734985057841	0.011244512540924137	0.008345817397317178	0.010660225406249424	0.0034552771558639963	0.008482168554774887	0.004553404573724542
G[C>T]G	0.13011836888849757	0.03581673855482305	0.27599325619637965	0.01974764490238158	0.11321629767797163	0.11525825744553003	0.1506760347634554	0.02944698589277138	0.017100195348136112	0.015005940187256784
G[C>T]T	0.07187089388533878	0.03519714978831871	0.003258796322966191	0.021276267261331156	0.0021820735752993412	0.014198180220860515	0.017797125042747552	0.0051339419951915485	0.015094761064390241	0.0010460024190678042
G[T>A]A	7.500630687900411e-05	0.0006980031747750104	0.0014648009681949503	0.0018899850263987617	0.002023780186426336	0.0010048922412129002	0.002657071748365922	0.0017236398301945677	0.0027941720240899316	0.0012514914059095527
G[T>A]C	0.00195809744743201	0.0024206445935934084	0.004485198456008341	0.0027822609716326952	0.002218275494293778	0.0016702060899348936	0.005123047379114354	0.008089132283544274	0.009135989710176205	0.008952930188006008
G[T>A]G	0.0	0.0019708628167789755	0.0013066356164495119	0.004502457648834621	0.0012307088315719739	0.004221754733061616	0.002614870150262334	0.006002420627004525	0.004094054344710614	0.008893007744285341
G[T>A]T	0.000756753488326467	0.001969679962333828	0.0021633736928880153	0.0014153703204141267	0.0007780694099141527	0.0015489307110757976	0.0030254265335570097	0.003979003653326743	0.0019972342677354506	0.0019560381638165404
G[T>C]A	0.014306404171708777	0.0073453566571777176	0.009352347085807794	0.009217180810471603	0.003590485874415208	0.011092440003641285	0.011608216538026284	0.0063978935491324765	0.01075369761799152	0.008728112803294578
G[T>C]C	0.017337371753635793	0.0045603972011303995	0.0046888078174070905	0.0086194483866727	0.0017365206340264193	0.005535596908370621	0.007725494462240193	0.005035989851369038	0.006272101659398004	0.005989022179600472
G[T>C]G	0.011802730460869035	0.01651995940145525	0.0035667302791623	0.009941416224585851	0.0030015815636124897	0.004471417854791753	0.011014390796662497	0.007350143148652819	0.016953045806876618	0.01171752714971035
G[T>C]T	0.008834256237768158	0.013216326982153533	0.005359559776684364	0.0027773966498244817	0.006257164758776828	0.006323670436086104	0.0041636121207750424	0.010131760987362667	0.013491583869545708	0.004973500473491299
G[T>G]A	0.0007131084029717272	0.0012348239051171105	0.0008086342705232141	0.00026370066886151735	0.0009346474090779821	0.0014820279767167222	0.0010274020821779573	0.0005740134013657894	0.00198866620521045	0.003125967384708872
G[T>G]C	0.002915883667102964	0.004264585573572859	0.0012276312523658106	0.0013892969843780634	0.0008836906058077432	0.00243177138999755	0.002960475366698745	0.001996294528055813	0.00552425860951221	0.0012733842886529345
G[T>G]G	0.00219158644525578	0.002924527701821319	0.0006902384910968351	0.001196049766410212	0.0008833617654547865	0.0008192937326342076	0.0010799466685762838	0.003434795957290646	0.00205628138945805	0.0024463816580625776
G[T>G]T	0.006603170862038041	0.005465056616584185	0.0006835756199990456	0.0020196303379135115	0.0011113370222653174	0.0021662155852081354	0.0019257051279187728	0.0019787615406660053	0.002545412406355965	0.000725707942060012
T[C>A]A	0.0011658395777065776	0.007362417313895264	0.007604125915895578	0.015718657046425975	0.008123116724103534	0.006916324514003282	0.01703437497552841	0.024869411495794226	0.019153571328551493	0.009186781845332916
T[C>A]C	0.012076568022195602	0.008335410723588552	0.009137726358734426	0.011950869396121106	0.010140321091322449	0.02154369007718799	0.019417362010045593	0.011489060391958503	0.036273465147374964	0.009604606928197654
T[C>A]G	0.00031270231135636093	0.004239705147229813	0.0035682058900853163	0.0048121374974232365	0.005935298161592186	0.006287278238271199	0.0054655490173719555	0.005105315553680612	0.005783837743200024	0.002917526585370638
T[C>A]T	0.06168557315214798	0.01585645378030051	0.02137861229600844	0.0036265851588510147	0.011188038181739728	0.007577393350453576	0.015072630085066407	0.007289430665166492	0.020444204144894017	0.002569611917029988
T[C>G]A	4.249596275258227e-05	0.00308936333142249	0.0018059127679600805	0.004272725940928943	0.0019974882490940617	0.003501910855757444	0.003155494146653979	0.015100969272507783	0.008003976275442143	0.0779894142721605
T[C>G]C	5.140223861474169e-05	0.001930689913765491	0.001636181539076933	0.007767210799594295	0.0016457228139658566	0.0041292766525808135	0.0019648600423479933	0.009664993630759114	0.012145084819089363	0.05814483486545157
T[C>G]G	0.0	0.0012068851287210692	0.0010500289840162224	0.0003173313136788458	0.0009898628001882325	0.00240547681372691	0.001612451638859227	0.0025782575795199134	0.001886175495572928	0.01387608383613781
T[C>G]T	0.0002405123823541544	0.0013759546852656968	0.0007200912127066772	0.0022125502767400464	0.0025137953146994363	0.0012103433590234759	0.0007289301295252989	0.006361661221238677	0.0024527400801508323	0.14472777154587674
T[C>T]A	0.009611643018251926	0.00977062807525214	0.011953623694114412	0.02585881250867601	0.010536478861117757	0.003852222362671114	0.013686956137818243	0.1601373461045705	0.005125553412769932	0.06541144661023736
T[C>T]C	0.02371355976115865	0.016805763110319304	0.002020251032771512	0.12799393248321395	0.016551770253195174	0.01624070059174495	0.022146731880191055	0.02549424488705199	0.01696326586934731	0.025417408793443313
T[C>T]G	0.04252890101395678	0.11463129272930928	0.04559112349061252	0.16210059006150915	0.07364100060459577	0.03756406867975763	0.08813229411766088	0.04130486380413572	0.018532749437245002	0.005311763076498437
T[C>T]T	0.027500835154217213	0.02290164211832304	0.01126634862090008	0.06663064674417578	0.011053570341876479	0.004622322556185168	0.025239383572886992	0.06016892977865211	0.01245494464021931	0.01862027084297324
T[T>A]A	9.819793018152723e-05	0.0014956172831078619	0.0026129562004477513	0.0012341861504000916	0.0005455931560177335	0.001409981399957001	0.004417355097040456	0.00528449469851564	0.004154433940021391	0.002745804934314222
T[T>A]C	0.0007328989003462993	0.0030380878502785434	0.00201411782549485	0.005169629736841443	0.0007313235128248153	0.003920993074154566	0.007540398799248038	0.005267497782007524	0.005731799472196712	0.004387083257504596
T[T>A]G	0.0002467329050586287	0.0008060642090256919	0.001488475228908044	0.00191044790521687	0.0009484042287820671	0.0015418618437394649	0.0030329997371323536	0.0015698666614765956	0.0025483966863163233	0.004990111625447291
T[T>A]T	0.0007599143325562351	0.000831471983564569	0.002367982690998005	0.003311062706288652	0.0019176507913796726	0.008173500777528701	0.006374544101783055	0.004008890943715002	0.006484639832613652	0.0033384639727402996
T[T>C]A	0.0023510877402645037	0.0026465422764194104	0.0011849911146291437	0.0054659379966324195	0.0018039176757658382	0.0018740116655897765	0.003738246062042663	0.002433620603703446	0.007375374962126386	0.009512224327394278
T[T>C]C	0.004655947694076303	0.004107038339753331	0.0036698752381970224	0.013045606668984817	0.00412442383145617	0.008546245139150699	0.014060297415975071	0.012521591449291521	0.013929217751520041	0.002981993476819582
T[T>C]G	0.002864398144855329	0.007348280509469305	0.003971654302633141	0.002744204611215741	0.00412700467044111	0.0032137954107750487	0.004643156724783353	0.012098271050701897	0.016099870156497796	0.002312262402824672
T[T>C]T	0.003945395786406891	0.007568546858526588	0.00892699894837442	0.0038110018061114203	0.008310684497860592	0.003565632908960481	0.005686088356903056	0.006095959082848097	0.0100283771346324	0.0023488260566567475
T[T>G]A	0.0005834949482584761	0.0005840842530152912	0.0008768205378198957	0.0009861342990370758	0.001183509775029421	0.0020901612431640615	0.0006733197691723447	0.0007456876831696491	0.001009715339175088	0.0008929511438328319
T[T>G]C	0.0059516970212999355	0.0028673802222533595	0.0012063772200943035	0.002646993821354684	0.0002819791118179182	0.0005658014513026899	0.003587441612335116	0.002683462293453971	0.0034332898677743627	0.0019349329802919612
T[T>G]G	0.0011144077011962063	0.0029792152056297995	0.0026115873165269933	0.005568263427468523	0.0018305761884030859	0.002471345509559768	0.006954209586135498	0.002830751947695518	0.008723034758146753	0.0023759477205511814
T[T>G]T	0.015704089023774657	0.008177196792087641	0.0027418073050939993	0.004573113478090281	0.003684068004178016	0.0032457465937581276	0.005946010289628276	0.0026452912466088207	0.008517146314162737	0.0007608606761655779
