Samples	SBS96A	SBS96B	SBS96C	SBS96D
TCGA-2J-AAB1-01A-11D-A40W-08	6.08E-01	1.38E+00	1.35E+00	7.69E-01
TCGA-2J-AAB4-01A-12D-A40W-08	0.00E+00	9.12E-01	1.02E+00	5.99E-01
TCGA-2J-AAB6-01A-11D-A40W-08	5.70E-01	1.30E+00	1.33E+00	6.52E-01
TCGA-2J-AAB8-01A-12D-A40W-08	4.64E-01	1.07E+00	1.37E+00	8.41E-01
TCGA-2J-AAB9-01A-11D-A40W-08	5.57E-01	4.67E-01	4.11E-01	2.72E-01
TCGA-2J-AABA-01A-21D-A40W-08	3.81E-01	5.88E-01	6.87E-01	4.99E-01
TCGA-2J-AABE-01A-12D-A40W-08	4.72E-01	5.58E-01	8.00E-01	6.97E-01
TCGA-2J-AABF-01A-31D-A40W-08	5.57E-01	1.16E+00	1.24E+00	4.97E-01
TCGA-2J-AABH-01A-21D-A40W-08	4.23E-01	8.96E-01	1.07E+00	8.26E-01
TCGA-2J-AABI-01A-12D-A40W-08	3.76E-01	8.25E-01	9.82E-01	5.81E-01
TCGA-2J-AABK-01A-31D-A40W-08	1.33E-01	8.99E-01	9.68E-01	7.08E-01
TCGA-2J-AABO-01A-21D-A40W-08	8.23E-01	1.39E+00	1.51E+00	3.22E-01
TCGA-2J-AABP-01A-11D-A40W-08	5.62E-01	2.21E+00	2.93E+00	2.35E+00
TCGA-2J-AABR-01A-11D-A40W-08	9.92E-02	1.79E-01	1.70E-01	2.24E-01
TCGA-2J-AABT-01A-11D-A40W-08	4.12E-01	5.86E-01	7.05E-01	3.30E-01
TCGA-2J-AABV-01A-12D-A40W-08	0.00E+00	2.73E-01	2.83E-01	1.96E-01
TCGA-2L-AAQA-01A-21D-A38G-08	3.12E-01	1.21E+00	1.27E+00	5.93E-01
TCGA-2L-AAQE-01A-11D-A397-08	0.00E+00	7.32E-01	9.22E-01	6.74E-01
TCGA-2L-AAQI-01A-12D-A397-08	4.84E-01	8.91E-01	1.08E+00	6.86E-01
TCGA-2L-AAQJ-01A-12D-A397-08	9.47E-01	1.61E+00	1.77E+00	6.32E-01
TCGA-2L-AAQL-01A-11D-A38G-08	9.98E-01	1.21E+00	1.26E+00	8.68E-01
TCGA-2L-AAQM-01A-11D-A397-08	3.95E-01	2.47E-01	9.97E-01	9.10E-01
TCGA-3A-A9I5-01A-11D-A38G-08	4.32E-01	6.77E-01	6.69E-01	4.43E-01
TCGA-3A-A9I7-01A-21D-A38G-08	3.01E-01	3.60E-01	3.92E-01	3.03E-01
TCGA-3A-A9I9-01A-11D-A38G-08	4.80E-01	1.13E+00	1.91E+00	1.54E+00
TCGA-3A-A9IB-01A-21D-A397-08	3.92E-01	8.24E-01	9.53E-01	7.33E-01
TCGA-3A-A9IC-01A-11D-A38G-08	2.48E-01	9.16E-01	1.26E+00	9.41E-01
TCGA-3A-A9IH-01A-12D-A397-08	5.31E-01	1.18E+00	1.36E+00	7.30E-01
TCGA-3A-A9IJ-01A-11D-A397-08	3.43E-01	4.73E-01	5.31E-01	5.74E-01
TCGA-3A-A9IL-01A-11D-A38G-08	0.00E+00	1.41E-01	2.15E-01	2.26E-01
TCGA-3A-A9IN-01A-11D-A397-08	2.78E-01	5.98E-01	8.01E-01	6.29E-01
TCGA-3A-A9IO-01A-11D-A38G-08	2.87E-01	1.83E-01	3.26E-01	2.65E-01
TCGA-3A-A9IR-01A-11D-A38G-08	3.74E-01	5.62E-01	4.91E-01	3.66E-01
TCGA-3A-A9IS-01A-21D-A397-08	1.03E-01	3.87E-01	9.00E-01	8.36E-01
TCGA-3A-A9IU-01A-11D-A397-08	4.27E-01	7.78E-01	8.85E-01	6.12E-01
TCGA-3A-A9IV-01A-11D-A40W-08	4.94E-01	7.05E-01	1.13E+00	9.61E-01
TCGA-3A-A9IX-01A-11D-A40W-08	0.00E+00	4.41E-01	4.47E-01	2.00E-01
TCGA-3A-A9IZ-01A-12D-A40W-08	4.85E-01	6.58E-01	1.06E+00	9.41E-01
TCGA-3A-A9J0-01A-11D-A40W-08	9.77E-01	1.87E+00	2.10E+00	6.46E-01
TCGA-3E-AAAY-01A-11D-A38G-08	4.77E-01	5.95E-01	7.50E-01	4.60E-01
TCGA-3E-AAAZ-01A-11D-A38G-08	6.11E-01	1.10E+00	1.25E+00	8.02E-01
TCGA-F2-6879-01A-11D-2154-08	4.26E-01	8.91E-01	9.70E-01	3.49E-01
TCGA-F2-6880-01A-11D-2154-08	0.00E+00	1.97E-02	3.78E-02	4.09E-02
TCGA-F2-7273-01A-11D-2154-08	0.00E+00	1.41E-02	3.14E-02	3.38E-02
TCGA-F2-A44G-01A-11D-A26I-08	6.74E-02	9.86E-01	1.12E+00	7.54E-01
TCGA-F2-A44H-01A-11D-A26I-08	2.05E-01	4.17E-01	5.35E-01	4.46E-01
TCGA-F2-A7TX-01A-33D-A38G-08	4.79E-01	9.48E-01	1.11E+00	7.18E-01
TCGA-F2-A8YN-01A-11D-A377-08	4.31E-01	1.02E+00	1.16E+00	7.38E-01
TCGA-FB-A4P6-01A-12D-A26I-08	0.00E+00	4.73E-02	4.65E-02	4.82E-02
TCGA-FB-A5VM-01A-11D-A32N-08	7.00E-01	1.08E+00	1.27E+00	8.65E-01
TCGA-FB-A78T-01A-12D-A32N-08	4.88E-01	8.95E-01	9.87E-01	6.86E-01
TCGA-FB-A7DR-01A-21D-A33T-08	5.94E-01	9.48E-01	9.01E-01	5.07E-01
TCGA-FB-AAPP-01A-12D-A40W-08	9.25E-01	2.03E+00	2.21E+00	7.42E-01
TCGA-FB-AAPQ-01A-11D-A40W-08	5.72E-01	7.91E-01	8.99E-01	5.83E-01
TCGA-FB-AAPS-01A-12D-A397-08	4.49E-01	7.03E-01	6.63E-01	2.75E-01
TCGA-FB-AAPU-01A-31D-A40W-08	7.38E-01	1.11E+00	1.52E+00	1.15E+00
TCGA-FB-AAPY-01A-11D-A40W-08	4.00E-01	7.96E-01	7.45E-01	3.45E-01
TCGA-FB-AAPZ-01A-11D-A40W-08	4.87E-01	1.03E+00	9.94E-01	4.21E-01
TCGA-FB-AAQ0-01A-31D-A40W-08	3.88E-01	9.66E-01	1.11E+00	8.22E-01
TCGA-FB-AAQ1-01A-12D-A40W-08	4.36E-01	9.26E-01	8.42E-01	1.16E-01
TCGA-FB-AAQ2-01A-31D-A40W-08	3.37E-01	9.11E-01	9.15E-01	1.02E-01
TCGA-FB-AAQ3-01A-11D-A40W-08	5.30E-01	8.51E-01	1.05E+00	6.50E-01
TCGA-FB-AAQ6-01A-11D-A40W-08	4.12E-01	1.03E+00	1.34E+00	1.05E+00
TCGA-FZ-5919-01A-11D-1609-08	4.67E-01	8.66E-01	8.87E-01	5.07E-01
TCGA-FZ-5920-01A-11D-1609-08	7.08E-01	1.23E+00	1.25E+00	7.00E-01
TCGA-FZ-5921-01A-11D-1609-08	5.76E-01	2.00E+00	1.98E+00	5.64E-01
TCGA-FZ-5922-01A-11D-1609-08	3.13E-01	7.91E-01	9.16E-01	7.61E-01
TCGA-FZ-5923-01A-12D-1609-08	5.44E-01	1.85E+00	2.04E+00	4.77E-01
TCGA-FZ-5924-01A-13D-1609-08	4.34E-01	8.29E-01	9.34E-01	4.54E-01
TCGA-FZ-5926-01A-11D-1609-08	9.27E-02	8.61E-01	1.01E+00	4.76E-01
TCGA-H6-8124-01A-11D-2396-08	4.78E-01	9.68E-01	1.02E+00	5.14E-01
TCGA-H6-A45N-01A-11D-A26I-08	0.00E+00	3.88E-01	5.48E-01	5.26E-01
TCGA-H8-A6C1-01A-11D-A32N-08	2.57E-01	8.77E-01	8.99E-01	2.71E-01
TCGA-HV-A5A3-01A-11D-A26I-08	5.70E-01	8.25E-01	8.25E-01	5.60E-01
TCGA-HV-A5A4-01A-11D-A26I-08	4.68E-01	9.53E-01	9.06E-01	3.40E-01
TCGA-HV-A5A5-01A-11D-A26I-08	5.67E-02	3.93E-01	4.35E-01	4.65E-01
TCGA-HV-A5A6-01A-11D-A26I-08	5.33E-01	1.12E+00	1.24E+00	6.00E-01
TCGA-HV-A7OL-01A-11D-A33T-08	4.87E-01	1.15E+00	1.26E+00	5.56E-01
TCGA-HV-A7OP-01A-11D-A33T-08	8.50E-01	1.11E+00	1.90E+00	1.44E+00
TCGA-HV-AA8V-01A-11D-A40W-08	2.82E-01	9.08E-01	9.90E-01	5.13E-01
TCGA-HV-AA8X-01A-11D-A397-08	7.47E-01	1.08E+00	1.09E+00	4.21E-01
TCGA-HZ-7289-01A-11D-2154-08	8.42E-01	1.46E+00	1.81E+00	1.14E+00
TCGA-HZ-7918-01A-11D-2154-08	8.05E-01	1.76E-01	1.73E+00	1.64E+00
TCGA-HZ-7919-01A-11D-2154-08	7.00E-02	8.37E-01	1.38E+00	1.15E+00
TCGA-HZ-7920-01A-11D-2201-08	4.23E-02	3.02E-02	4.29E-02	4.98E-02
TCGA-HZ-7922-01A-11D-2154-08	4.64E-01	8.90E-01	9.14E-01	5.22E-01
TCGA-HZ-7925-01A-11D-2154-08	5.52E-01	7.03E-01	7.56E-01	1.81E-01
TCGA-HZ-7926-01A-11D-2154-08	6.39E-01	7.85E-01	8.40E-01	5.77E-01
TCGA-HZ-8001-01A-11D-2201-08	9.41E-01	7.99E-01	1.12E+00	7.14E-01
TCGA-HZ-8002-01A-11D-2201-08	2.71E-01	3.12E-01	2.33E-01	1.55E-01
TCGA-HZ-8003-01A-21D-2201-08	2.28E-01	3.47E-01	4.08E-01	3.37E-01
TCGA-HZ-8005-01A-11D-2201-08	3.62E-01	9.68E-01	1.13E+00	8.22E-01
TCGA-HZ-8315-01A-11D-2396-08	2.81E-01	1.17E+00	1.31E+00	8.70E-01
TCGA-HZ-8317-01A-11D-2396-08	0.00E+00	3.17E-01	3.78E-01	3.48E-01
TCGA-HZ-8636-01A-21D-2396-08	0.00E+00	1.01E+00	1.00E+00	5.41E-01
TCGA-HZ-8637-01A-11D-2396-08	4.00E-02	7.85E-01	8.57E-01	4.90E-01
TCGA-HZ-A49H-01A-11D-A26I-08	1.27E-01	3.75E-01	3.68E-01	5.25E-02
TCGA-HZ-A49I-01A-12D-A26I-08	3.35E-01	9.50E-01	1.08E+00	7.06E-01
TCGA-HZ-A4BH-01A-11D-A26I-08	3.21E-01	1.45E+00	1.61E+00	9.46E-01
TCGA-HZ-A4BK-01A-11D-A26I-08	6.24E-01	1.04E+00	1.04E+00	6.75E-01
TCGA-HZ-A77O-01A-11D-A33T-08	5.21E-01	6.21E-01	6.57E-01	5.68E-01
TCGA-HZ-A77P-01A-11D-A33T-08	3.86E-01	1.02E+00	1.03E+00	4.56E-01
TCGA-HZ-A77Q-01A-11D-A36O-08	4.24E-01	1.26E+00	1.27E+00	4.45E-01
TCGA-HZ-A8P0-01A-11D-A36O-08	6.41E-01	7.93E-01	8.40E-01	5.15E-01
TCGA-HZ-A8P1-01A-11D-A377-08	3.57E-01	1.08E+00	1.07E+00	8.73E-01
TCGA-HZ-A9TJ-01A-11D-A40W-08	6.23E-01	1.66E+00	1.83E+00	9.51E-01
TCGA-IB-7644-01A-11D-2154-08	2.32E-01	5.13E-01	6.46E-01	5.41E-01
TCGA-IB-7645-01A-22D-2201-08	4.89E-01	7.25E-01	7.16E-01	3.41E-01
TCGA-IB-7646-01A-11D-2154-08	6.57E-01	1.16E+00	1.25E+00	9.01E-01
TCGA-IB-7647-01A-11D-2154-08	1.00E-02	1.12E+00	1.32E+00	6.94E-01
TCGA-IB-7649-01A-11D-2154-08	6.09E-01	8.18E-01	9.16E-01	6.69E-01
TCGA-IB-7651-01A-11D-2154-08	1.38E+02	6.88E+01	1.36E+02	8.75E-01
TCGA-IB-7652-01A-11D-2154-08	7.07E-01	1.44E+00	1.65E+00	1.12E+00
TCGA-IB-7654-01A-11D-2154-08	0.00E+00	1.02E+00	1.06E+00	5.43E-01
TCGA-IB-7885-01A-11D-2154-08	2.61E-01	7.61E-01	8.50E-01	7.39E-01
TCGA-IB-7886-01A-11D-2154-08	3.15E-01	1.14E+00	1.26E+00	6.03E-01
TCGA-IB-7887-01A-11D-2154-08	4.23E-01	6.04E-01	6.51E-01	4.99E-01
TCGA-IB-7888-01A-11D-2154-08	4.35E-01	6.04E-01	6.43E-01	4.54E-01
TCGA-IB-7889-01A-11D-2154-08	5.84E-01	1.20E+00	1.31E+00	5.37E-01
TCGA-IB-7890-01A-12D-2201-08	6.85E-01	1.54E+00	1.60E+00	7.52E-01
TCGA-IB-7891-01A-11D-2201-08	2.32E-01	7.41E-01	8.14E-01	4.10E-01
TCGA-IB-7893-01A-11D-2201-08	3.90E-01	1.05E+00	1.03E+00	4.61E-01
TCGA-IB-7897-01A-21D-2201-08	0.00E+00	1.19E-01	1.17E-01	8.56E-02
TCGA-IB-8126-01A-11D-2396-08	3.08E-01	2.85E-01	2.44E-01	2.78E-01
TCGA-IB-8127-01A-11D-2396-08	4.86E-01	1.01E+00	1.03E+00	3.59E-02
TCGA-IB-A5SO-01A-11D-A32N-08	0.00E+00	8.00E-01	8.93E-01	4.93E-01
TCGA-IB-A5SP-01A-11D-A32N-08	4.89E-01	9.26E-01	9.67E-01	7.41E-01
TCGA-IB-A5SQ-01A-11D-A32N-08	6.66E-01	7.97E-01	7.36E-01	3.87E-01
TCGA-IB-A5SS-01A-11D-A32N-08	4.28E-01	6.54E-01	7.46E-01	5.03E-01
TCGA-IB-A5ST-01A-11D-A32N-08	2.81E-02	2.65E-01	2.75E-01	1.91E-01
TCGA-IB-A6UF-01A-23D-A33T-08	1.20E-01	1.46E+00	1.52E+00	6.48E-01
TCGA-IB-A6UG-01A-32D-A33T-08	5.50E-01	1.46E+00	1.44E+00	3.50E-01
TCGA-IB-A7LX-01A-12D-A36O-08	5.07E-01	6.72E-01	1.05E+00	7.67E-01
TCGA-IB-A7M4-01A-11D-A36O-08	4.49E-01	1.17E+00	1.16E+00	7.47E-01
TCGA-IB-AAUM-01A-11D-A377-08	1.21E-01	4.02E-01	5.44E-01	3.99E-01
TCGA-IB-AAUN-01A-12D-A38G-08	4.00E-01	6.30E-01	6.96E-01	5.22E-01
TCGA-IB-AAUO-01A-12D-A38G-08	5.51E-01	7.56E-01	8.29E-01	4.27E-01
TCGA-IB-AAUP-01A-11D-A377-08	2.74E-01	7.70E-01	7.71E-01	4.32E-01
TCGA-IB-AAUQ-01A-22D-A40W-08	3.89E-01	1.32E+00	1.38E+00	6.63E-01
TCGA-IB-AAUR-01A-21D-A38G-08	1.41E-01	6.82E-02	1.19E-01	9.13E-02
TCGA-IB-AAUS-01A-12D-A38G-08	0.00E+00	4.02E-02	5.02E-02	4.51E-02
TCGA-IB-AAUT-01A-11D-A377-08	3.49E-02	3.27E-02	3.86E-02	4.99E-02
TCGA-IB-AAUU-01A-11D-A377-08	4.87E-01	9.50E-01	1.08E+00	4.55E-01
TCGA-IB-AAUW-01A-12D-A38G-08	0.00E+00	2.73E-02	4.69E-02	4.92E-02
TCGA-LB-A7SX-01A-11D-A33T-08	7.83E-01	1.16E+00	2.74E+00	2.26E+00
TCGA-LB-A8F3-01A-11D-A36O-08	1.05E-01	5.83E-01	8.97E-01	9.19E-01
TCGA-LB-A9Q5-01A-11D-A397-08	3.71E-01	3.58E-01	4.38E-01	3.55E-01
TCGA-M8-A5N4-01A-11D-A26I-08	2.50E-01	9.69E-01	1.03E+00	3.26E-01
TCGA-OE-A75W-01A-12D-A32N-08	9.76E-01	1.81E+00	2.08E+00	9.62E-01
TCGA-PZ-A5RE-01A-11D-A32N-08	3.04E-01	6.39E-01	6.16E-01	3.46E-01
TCGA-Q3-A5QY-01A-12D-A32N-08	2.00E-02	9.35E-02	8.89E-02	4.14E-02
TCGA-Q3-AA2A-01A-11D-A377-08	4.38E-01	4.61E-01	5.03E-01	3.59E-01
TCGA-RB-A7B8-01A-12D-A33T-08	4.80E-01	1.08E+00	1.11E+00	5.04E-01
TCGA-RB-AA9M-01A-11D-A397-08	4.01E-01	6.10E-01	6.43E-01	3.19E-01
TCGA-S4-A8RM-01A-11D-A377-08	4.19E-01	8.85E-01	9.72E-01	5.15E-01
TCGA-S4-A8RO-01A-12D-A377-08	5.90E-01	1.47E+00	1.52E+00	4.07E-01
TCGA-S4-A8RP-01A-11D-A36O-08	2.82E-01	7.62E-01	8.95E-01	7.60E-01
TCGA-US-A774-01A-21D-A32N-08	4.77E-01	6.75E-01	6.13E-01	3.25E-01
TCGA-US-A776-01A-13D-A33T-08	7.14E-01	1.34E+00	1.64E+00	9.20E-01
TCGA-US-A779-01A-11D-A32N-08	3.73E-01	6.48E-01	7.20E-01	4.56E-01
TCGA-US-A77E-01A-11D-A32N-08	2.79E-01	1.75E+00	1.78E+00	8.50E-01
TCGA-US-A77G-01A-11D-A32N-08	6.92E-01	7.60E-01	1.03E+00	6.64E-01
TCGA-XD-AAUG-01A-61D-A40W-08	3.01E-01	3.84E-01	4.90E-01	4.23E-01
TCGA-XD-AAUH-01A-42D-A40W-08	3.47E-01	3.00E-01	3.95E-01	3.61E-01
TCGA-XD-AAUI-01A-42D-A40W-08	4.72E-01	8.59E-01	9.38E-01	3.78E-01
TCGA-XD-AAUL-01A-21D-A397-08	3.26E-01	8.11E-01	8.73E-01	5.63E-01
TCGA-XN-A8T3-01A-11D-A36O-08	5.97E-01	9.57E-01	9.50E-01	4.42E-01
TCGA-XN-A8T5-01A-12D-A36O-08	6.37E-02	3.71E-01	4.51E-01	4.04E-01
TCGA-YB-A89D-01A-12D-A36O-08	4.30E-01	5.30E-01	6.15E-01	4.61E-01
TCGA-YH-A8SY-01A-11D-A377-08	5.14E-01	1.50E+00	1.43E+00	6.51E-01
TCGA-YY-A8LH-01A-11D-A36O-08	5.86E-01	1.20E+00	1.39E+00	8.32E-01
TCGA-Z5-AAPL-01A-12D-A40W-08	7.53E-02	2.36E-01	2.66E-01	2.49E-01
