Samples	SBS96A	SBS96B	SBS96C	SBS96D	SBS96E	SBS96F
TCGA-2J-AAB1-01A-11D-A40W-08	4.91E-01	1.21E+00	1.13E+00	1.01E+00	8.32E-01	6.29E-01
TCGA-2J-AAB4-01A-12D-A40W-08	4.00E-02	9.12E-01	5.57E-01	7.64E-01	5.00E-01	5.31E-01
TCGA-2J-AAB6-01A-11D-A40W-08	5.32E-01	1.11E+00	1.09E+00	1.19E+00	7.73E-01	6.21E-01
TCGA-2J-AAB8-01A-12D-A40W-08	3.43E-01	1.22E+00	6.34E-01	8.07E-01	9.02E-01	7.43E-01
TCGA-2J-AAB9-01A-11D-A40W-08	5.15E-01	4.10E-01	3.60E-01	4.02E-01	2.77E-01	2.34E-01
TCGA-2J-AABA-01A-21D-A40W-08	3.38E-01	4.53E-01	6.19E-01	4.49E-01	3.98E-01	5.43E-01
TCGA-2J-AABE-01A-12D-A40W-08	4.94E-01	5.91E-01	7.13E-01	4.31E-01	7.81E-01	7.40E-01
TCGA-2J-AABF-01A-31D-A40W-08	4.51E-01	1.21E+00	8.55E-01	1.03E+00	6.58E-01	4.70E-01
TCGA-2J-AABH-01A-21D-A40W-08	3.12E-01	9.66E-01	9.90E-01	7.01E-01	8.76E-01	6.07E-01
TCGA-2J-AABI-01A-12D-A40W-08	3.63E-01	7.47E-01	6.53E-01	7.65E-01	6.70E-01	5.77E-01
TCGA-2J-AABK-01A-31D-A40W-08	1.80E-01	8.72E-01	7.29E-01	7.66E-01	5.27E-01	5.73E-01
TCGA-2J-AABO-01A-21D-A40W-08	8.39E-01	1.44E+00	1.01E+00	1.38E+00	4.89E-01	1.78E-01
TCGA-2J-AABP-01A-11D-A40W-08	4.68E-01	1.78E+00	2.03E+00	1.62E+00	2.63E+00	1.88E+00
TCGA-2J-AABR-01A-11D-A40W-08	9.18E-02	1.78E-01	1.92E-01	1.48E-01	1.70E-01	2.16E-01
TCGA-2J-AABT-01A-11D-A40W-08	4.45E-01	5.16E-01	4.41E-01	4.62E-01	4.10E-01	2.53E-01
TCGA-2J-AABV-01A-12D-A40W-08	0.00E+00	2.29E-01	2.07E-01	2.07E-01	2.16E-01	1.23E-01
TCGA-2L-AAQA-01A-21D-A38G-08	2.08E-01	1.22E+00	9.81E-01	1.31E+00	6.39E-01	3.89E-01
TCGA-2L-AAQE-01A-11D-A397-08	5.00E-02	8.28E-01	5.75E-01	6.92E-01	6.68E-01	6.01E-01
TCGA-2L-AAQI-01A-12D-A397-08	3.88E-01	9.73E-01	5.44E-01	6.55E-01	8.40E-01	5.00E-01
TCGA-2L-AAQJ-01A-12D-A397-08	8.80E-01	1.46E+00	1.06E+00	1.47E+00	7.24E-01	5.79E-01
TCGA-2L-AAQL-01A-11D-A38G-08	8.33E-01	1.33E+00	1.03E+00	1.22E+00	7.27E-01	7.23E-01
TCGA-2L-AAQM-01A-11D-A397-08	2.83E-01	5.13E-01	6.42E-01	1.80E-01	9.06E-01	7.46E-01
TCGA-3A-A9I5-01A-11D-A38G-08	3.56E-01	4.61E-01	6.11E-01	5.10E-01	4.98E-01	2.86E-01
TCGA-3A-A9I7-01A-21D-A38G-08	2.77E-01	3.19E-01	3.59E-01	2.99E-01	2.00E-01	2.64E-01
TCGA-3A-A9I9-01A-11D-A38G-08	3.24E-01	1.11E+00	1.66E+00	1.08E+00	1.41E+00	1.71E+00
TCGA-3A-A9IB-01A-21D-A397-08	2.64E-01	7.01E-01	7.22E-01	6.81E-01	5.54E-01	6.70E-01
TCGA-3A-A9IC-01A-11D-A38G-08	2.51E-01	8.32E-01	5.99E-01	8.16E-01	1.04E+00	6.43E-01
TCGA-3A-A9IH-01A-12D-A397-08	4.41E-01	1.14E+00	1.03E+00	1.08E+00	6.20E-01	6.28E-01
TCGA-3A-A9IJ-01A-11D-A397-08	3.11E-01	4.02E-01	5.45E-01	2.03E-01	4.97E-01	4.30E-01
TCGA-3A-A9IL-01A-11D-A38G-08	0.00E+00	1.36E-01	1.46E-01	6.92E-02	2.07E-01	1.96E-01
TCGA-3A-A9IN-01A-11D-A397-08	3.00E-01	4.76E-01	6.59E-01	4.64E-01	4.55E-01	6.03E-01
TCGA-3A-A9IO-01A-11D-A38G-08	2.02E-01	2.78E-01	1.57E-01	9.13E-02	3.31E-01	2.18E-01
TCGA-3A-A9IR-01A-11D-A38G-08	2.82E-01	5.12E-01	4.11E-01	5.25E-01	3.28E-01	2.94E-01
TCGA-3A-A9IS-01A-21D-A397-08	1.42E-01	3.58E-01	8.56E-01	3.21E-01	6.15E-01	8.95E-01
TCGA-3A-A9IU-01A-11D-A397-08	3.28E-01	7.95E-01	6.22E-01	6.10E-01	6.56E-01	5.41E-01
TCGA-3A-A9IV-01A-11D-A40W-08	4.29E-01	7.26E-01	9.01E-01	5.98E-01	9.67E-01	8.06E-01
TCGA-3A-A9IX-01A-11D-A40W-08	0.00E+00	3.63E-01	2.42E-01	4.38E-01	1.57E-01	2.10E-01
TCGA-3A-A9IZ-01A-12D-A40W-08	4.00E-01	9.18E-01	8.75E-01	5.05E-01	1.13E+00	1.19E+00
TCGA-3A-A9J0-01A-11D-A40W-08	8.83E-01	1.73E+00	1.28E+00	1.77E+00	1.14E+00	4.54E-01
TCGA-3E-AAAY-01A-11D-A38G-08	4.46E-01	5.53E-01	6.18E-01	5.40E-01	4.73E-01	3.98E-01
TCGA-3E-AAAZ-01A-11D-A38G-08	4.34E-01	1.14E+00	1.01E+00	9.17E-01	8.36E-01	7.44E-01
TCGA-F2-6879-01A-11D-2154-08	3.31E-01	9.43E-01	7.36E-01	8.30E-01	4.91E-01	3.02E-01
TCGA-F2-6880-01A-11D-2154-08	0.00E+00	1.71E-02	3.27E-02	1.00E-02	4.79E-02	5.02E-02
TCGA-F2-7273-01A-11D-2154-08	0.00E+00	2.19E-02	3.49E-02	0.00E+00	2.56E-02	4.41E-02
TCGA-F2-A44G-01A-11D-A26I-08	1.34E-01	8.97E-01	7.37E-01	8.61E-01	7.30E-01	7.42E-01
TCGA-F2-A44H-01A-11D-A26I-08	1.48E-01	3.63E-01	4.00E-01	3.48E-01	4.50E-01	4.65E-01
TCGA-F2-A7TX-01A-33D-A38G-08	4.44E-01	9.67E-01	9.35E-01	7.61E-01	6.50E-01	7.05E-01
TCGA-F2-A8YN-01A-11D-A377-08	4.03E-01	8.15E-01	8.87E-01	8.33E-01	8.28E-01	7.23E-01
TCGA-FB-A4P6-01A-12D-A26I-08	0.00E+00	3.27E-02	4.69E-02	3.68E-02	3.94E-02	4.09E-02
TCGA-FB-A5VM-01A-11D-A32N-08	5.99E-01	1.08E+00	8.65E-01	8.78E-01	9.03E-01	7.52E-01
TCGA-FB-A78T-01A-12D-A32N-08	4.69E-01	9.10E-01	7.86E-01	8.19E-01	5.33E-01	6.96E-01
TCGA-FB-A7DR-01A-21D-A33T-08	5.00E-01	8.19E-01	7.29E-01	7.47E-01	5.82E-01	3.52E-01
TCGA-FB-AAPP-01A-12D-A40W-08	7.03E-01	2.29E+00	1.60E+00	2.25E+00	1.06E+00	5.34E-01
TCGA-FB-AAPQ-01A-11D-A40W-08	5.49E-01	7.11E-01	7.44E-01	7.23E-01	7.38E-01	5.63E-01
TCGA-FB-AAPS-01A-12D-A397-08	3.75E-01	6.12E-01	5.73E-01	6.31E-01	4.31E-01	2.37E-01
TCGA-FB-AAPU-01A-31D-A40W-08	7.65E-01	1.23E+00	1.28E+00	7.08E-01	1.30E+00	1.21E+00
TCGA-FB-AAPY-01A-11D-A40W-08	2.88E-01	7.25E-01	7.19E-01	8.07E-01	4.53E-01	2.65E-01
TCGA-FB-AAPZ-01A-11D-A40W-08	4.29E-01	1.04E+00	6.55E-01	1.07E+00	5.61E-01	3.15E-01
TCGA-FB-AAQ0-01A-31D-A40W-08	2.42E-01	8.81E-01	9.13E-01	8.28E-01	7.76E-01	7.38E-01
TCGA-FB-AAQ1-01A-12D-A40W-08	3.88E-01	6.66E-01	7.55E-01	9.40E-01	2.43E-01	7.35E-02
TCGA-FB-AAQ2-01A-31D-A40W-08	3.07E-01	7.81E-01	4.88E-01	7.31E-01	3.09E-01	1.43E-01
TCGA-FB-AAQ3-01A-11D-A40W-08	5.29E-01	9.67E-01	5.81E-01	7.45E-01	7.96E-01	4.81E-01
TCGA-FB-AAQ6-01A-11D-A40W-08	2.68E-01	1.10E+00	1.25E+00	9.56E-01	9.41E-01	9.18E-01
TCGA-FZ-5919-01A-11D-1609-08	3.79E-01	7.21E-01	6.17E-01	6.45E-01	5.76E-01	4.17E-01
TCGA-FZ-5920-01A-11D-1609-08	5.74E-01	1.20E+00	1.09E+00	1.10E+00	4.97E-01	6.97E-01
TCGA-FZ-5921-01A-11D-1609-08	5.21E-01	1.80E+00	9.63E-01	1.70E+00	9.26E-01	5.53E-01
TCGA-FZ-5922-01A-11D-1609-08	2.54E-01	6.13E-01	7.35E-01	6.44E-01	5.47E-01	6.73E-01
TCGA-FZ-5923-01A-12D-1609-08	3.64E-01	1.57E+00	9.94E-01	1.35E+00	9.06E-01	3.32E-01
TCGA-FZ-5924-01A-13D-1609-08	3.53E-01	8.52E-01	6.27E-01	7.45E-01	4.71E-01	3.48E-01
TCGA-FZ-5926-01A-11D-1609-08	3.59E-02	8.49E-01	6.50E-01	7.78E-01	4.21E-01	3.99E-01
TCGA-H6-8124-01A-11D-2396-08	2.79E-01	8.63E-01	7.10E-01	7.31E-01	6.32E-01	3.55E-01
TCGA-H6-A45N-01A-11D-A26I-08	4.45E-02	4.34E-01	4.83E-01	3.54E-01	4.66E-01	6.44E-01
TCGA-H8-A6C1-01A-11D-A32N-08	7.42E-02	7.38E-01	5.87E-01	7.73E-01	3.74E-01	2.53E-01
TCGA-HV-A5A3-01A-11D-A26I-08	4.93E-01	6.83E-01	6.75E-01	7.87E-01	6.61E-01	5.44E-01
TCGA-HV-A5A4-01A-11D-A26I-08	4.12E-01	7.88E-01	6.54E-01	8.60E-01	3.85E-01	3.08E-01
TCGA-HV-A5A5-01A-11D-A26I-08	7.26E-02	3.14E-01	5.56E-01	3.02E-01	4.47E-01	5.20E-01
TCGA-HV-A5A6-01A-11D-A26I-08	3.77E-01	1.04E+00	1.08E+00	1.05E+00	6.68E-01	5.01E-01
TCGA-HV-A7OL-01A-11D-A33T-08	3.90E-01	9.92E-01	8.55E-01	9.72E-01	9.81E-01	4.45E-01
TCGA-HV-A7OP-01A-11D-A33T-08	6.81E-01	1.51E+00	1.58E+00	9.83E-01	1.71E+00	1.46E+00
TCGA-HV-AA8V-01A-11D-A40W-08	2.83E-01	7.33E-01	5.89E-01	7.15E-01	5.70E-01	3.79E-01
TCGA-HV-AA8X-01A-11D-A397-08	7.16E-01	9.59E-01	9.05E-01	9.22E-01	6.08E-01	3.06E-01
TCGA-HZ-7289-01A-11D-2154-08	7.56E-01	1.47E+00	1.52E+00	1.49E+00	1.22E+00	9.78E-01
TCGA-HZ-7918-01A-11D-2154-08	9.20E-01	7.18E-01	1.31E+00	1.90E-01	1.93E+00	1.93E+00
TCGA-HZ-7919-01A-11D-2154-08	4.00E-02	7.33E-01	1.02E+00	6.33E-01	7.59E-01	1.23E+00
TCGA-HZ-7920-01A-11D-2201-08	3.68E-02	3.38E-02	4.16E-02	1.97E-02	4.09E-02	4.29E-02
TCGA-HZ-7922-01A-11D-2154-08	4.24E-01	8.63E-01	7.32E-01	8.98E-01	4.45E-01	3.52E-01
TCGA-HZ-7925-01A-11D-2154-08	5.06E-01	6.58E-01	5.33E-01	6.86E-01	3.19E-01	1.01E-01
TCGA-HZ-7926-01A-11D-2154-08	5.65E-01	6.48E-01	6.64E-01	6.46E-01	4.76E-01	4.95E-01
TCGA-HZ-8001-01A-11D-2201-08	7.72E-01	1.02E+00	8.37E-01	7.59E-01	8.49E-01	5.86E-01
TCGA-HZ-8002-01A-11D-2201-08	2.35E-01	2.68E-01	2.11E-01	2.51E-01	1.76E-01	1.70E-01
TCGA-HZ-8003-01A-21D-2201-08	1.65E-01	2.87E-01	3.29E-01	2.44E-01	2.82E-01	3.47E-01
TCGA-HZ-8005-01A-11D-2201-08	2.52E-01	1.04E+00	7.88E-01	8.66E-01	8.50E-01	6.99E-01
TCGA-HZ-8315-01A-11D-2396-08	2.49E-01	1.29E+00	8.64E-01	9.83E-01	9.80E-01	7.36E-01
TCGA-HZ-8317-01A-11D-2396-08	0.00E+00	3.19E-01	2.94E-01	2.86E-01	1.99E-01	3.41E-01
TCGA-HZ-8636-01A-21D-2396-08	0.00E+00	1.03E+00	5.89E-01	9.53E-01	5.92E-01	5.70E-01
TCGA-HZ-8637-01A-11D-2396-08	2.00E-02	7.96E-01	4.41E-01	7.31E-01	5.96E-01	4.18E-01
TCGA-HZ-A49H-01A-11D-A26I-08	1.24E-01	3.31E-01	2.23E-01	3.62E-01	2.24E-01	7.70E-02
TCGA-HZ-A49I-01A-12D-A26I-08	2.46E-01	9.07E-01	9.67E-01	1.04E+00	6.09E-01	5.74E-01
TCGA-HZ-A4BH-01A-11D-A26I-08	2.47E-01	1.46E+00	7.90E-01	1.11E+00	1.15E+00	7.96E-01
TCGA-HZ-A4BK-01A-11D-A26I-08	5.24E-01	1.05E+00	8.18E-01	9.05E-01	6.21E-01	5.86E-01
TCGA-HZ-A77O-01A-11D-A33T-08	4.19E-01	6.01E-01	5.26E-01	5.10E-01	5.45E-01	4.70E-01
TCGA-HZ-A77P-01A-11D-A33T-08	3.46E-01	1.00E+00	6.16E-01	1.01E+00	4.55E-01	4.23E-01
TCGA-HZ-A77Q-01A-11D-A36O-08	3.37E-01	1.07E+00	8.88E-01	1.01E+00	7.56E-01	4.26E-01
TCGA-HZ-A8P0-01A-11D-A36O-08	6.14E-01	8.75E-01	6.51E-01	6.10E-01	6.99E-01	4.20E-01
TCGA-HZ-A8P1-01A-11D-A377-08	2.82E-01	1.08E+00	7.49E-01	9.27E-01	9.91E-01	8.76E-01
TCGA-HZ-A9TJ-01A-11D-A40W-08	5.13E-01	1.71E+00	1.22E+00	1.43E+00	1.11E+00	9.16E-01
TCGA-IB-7644-01A-11D-2154-08	2.02E-01	4.72E-01	5.31E-01	4.48E-01	4.28E-01	5.81E-01
TCGA-IB-7645-01A-22D-2201-08	4.10E-01	5.86E-01	4.30E-01	6.39E-01	4.80E-01	2.84E-01
TCGA-IB-7646-01A-11D-2154-08	4.45E-01	1.12E+00	1.02E+00	1.03E+00	9.55E-01	8.65E-01
TCGA-IB-7647-01A-11D-2154-08	4.00E-02	8.68E-01	9.59E-01	9.59E-01	7.67E-01	6.25E-01
TCGA-IB-7649-01A-11D-2154-08	5.52E-01	6.25E-01	9.21E-01	6.45E-01	6.59E-01	5.00E-01
TCGA-IB-7651-01A-11D-2154-08	2.84E+02	2.19E+02	2.60E+02	1.09E+02	1.43E+02	2.49E+01
TCGA-IB-7652-01A-11D-2154-08	6.82E-01	1.19E+00	1.47E+00	9.75E-01	1.29E+00	1.17E+00
TCGA-IB-7654-01A-11D-2154-08	0.00E+00	1.02E+00	5.03E-01	1.02E+00	5.29E-01	4.76E-01
TCGA-IB-7885-01A-11D-2154-08	1.34E-01	7.81E-01	5.57E-01	7.06E-01	7.53E-01	6.74E-01
TCGA-IB-7886-01A-11D-2154-08	3.11E-01	8.59E-01	8.42E-01	1.00E+00	7.80E-01	4.83E-01
TCGA-IB-7887-01A-11D-2154-08	3.95E-01	6.62E-01	4.70E-01	4.48E-01	3.95E-01	5.08E-01
TCGA-IB-7888-01A-11D-2154-08	4.14E-01	6.93E-01	5.32E-01	5.67E-01	4.91E-01	4.15E-01
TCGA-IB-7889-01A-11D-2154-08	2.79E-01	1.16E+00	5.04E-01	9.63E-01	6.84E-01	3.92E-01
TCGA-IB-7890-01A-12D-2201-08	6.68E-01	1.34E+00	1.20E+00	1.37E+00	5.32E-01	6.21E-01
TCGA-IB-7891-01A-11D-2201-08	1.26E-01	6.64E-01	6.50E-01	6.72E-01	2.75E-01	4.20E-01
TCGA-IB-7893-01A-11D-2201-08	3.25E-01	8.35E-01	6.67E-01	8.89E-01	5.26E-01	3.24E-01
TCGA-IB-7897-01A-21D-2201-08	0.00E+00	1.25E-01	8.59E-02	1.21E-01	4.18E-02	7.64E-02
TCGA-IB-8126-01A-11D-2396-08	3.17E-01	3.18E-01	3.52E-01	1.92E-01	2.05E-01	2.04E-01
TCGA-IB-8127-01A-11D-2396-08	5.39E-01	1.01E+00	3.97E-01	1.04E+00	4.97E-01	9.00E-02
TCGA-IB-A5SO-01A-11D-A32N-08	0.00E+00	6.61E-01	5.75E-01	6.44E-01	5.33E-01	4.56E-01
TCGA-IB-A5SP-01A-11D-A32N-08	3.43E-01	9.40E-01	6.34E-01	6.99E-01	6.52E-01	6.59E-01
TCGA-IB-A5SQ-01A-11D-A32N-08	6.83E-01	6.51E-01	6.84E-01	6.99E-01	3.46E-01	3.97E-01
TCGA-IB-A5SS-01A-11D-A32N-08	4.07E-01	5.22E-01	5.25E-01	5.38E-01	6.21E-01	5.26E-01
TCGA-IB-A5ST-01A-11D-A32N-08	2.00E-02	2.24E-01	1.73E-01	2.38E-01	2.28E-01	1.15E-01
TCGA-IB-A6UF-01A-23D-A33T-08	6.44E-02	1.26E+00	6.36E-01	1.22E+00	6.78E-01	5.07E-01
TCGA-IB-A6UG-01A-32D-A33T-08	5.16E-01	1.40E+00	7.62E-01	1.47E+00	3.10E-01	3.27E-01
TCGA-IB-A7LX-01A-12D-A36O-08	4.50E-01	6.96E-01	7.80E-01	4.46E-01	7.60E-01	6.82E-01
TCGA-IB-A7M4-01A-11D-A36O-08	3.83E-01	9.40E-01	7.81E-01	1.04E+00	7.15E-01	7.31E-01
TCGA-IB-AAUM-01A-11D-A377-08	7.85E-02	4.30E-01	3.18E-01	3.50E-01	3.71E-01	3.22E-01
TCGA-IB-AAUN-01A-12D-A38G-08	3.28E-01	6.55E-01	6.08E-01	6.09E-01	4.03E-01	4.31E-01
TCGA-IB-AAUO-01A-12D-A38G-08	6.58E-01	8.01E-01	6.42E-01	8.01E-01	5.79E-01	2.86E-01
TCGA-IB-AAUP-01A-11D-A377-08	2.81E-01	6.62E-01	3.76E-01	6.92E-01	4.16E-01	3.90E-01
TCGA-IB-AAUQ-01A-22D-A40W-08	3.73E-01	1.20E+00	1.03E+00	1.24E+00	6.45E-01	5.54E-01
TCGA-IB-AAUR-01A-21D-A38G-08	1.70E-01	8.36E-02	1.22E-01	6.52E-02	1.51E-01	7.02E-02
TCGA-IB-AAUS-01A-12D-A38G-08	0.00E+00	4.41E-02	4.02E-02	2.56E-02	4.85E-02	3.02E-02
TCGA-IB-AAUT-01A-11D-A377-08	2.56E-02	4.02E-02	4.16E-02	1.97E-02	3.94E-02	4.51E-02
TCGA-IB-AAUU-01A-11D-A377-08	4.54E-01	8.94E-01	6.38E-01	8.37E-01	3.70E-01	4.00E-01
TCGA-IB-AAUW-01A-12D-A38G-08	0.00E+00	3.38E-02	4.76E-02	1.97E-02	3.68E-02	4.73E-02
TCGA-LB-A7SX-01A-11D-A33T-08	5.76E-01	2.22E+00	1.37E+00	9.86E-01	2.71E+00	2.04E+00
TCGA-LB-A8F3-01A-11D-A36O-08	1.06E-01	7.13E-01	8.80E-01	3.97E-01	8.95E-01	9.80E-01
TCGA-LB-A9Q5-01A-11D-A397-08	3.33E-01	2.98E-01	3.10E-01	3.29E-01	3.68E-01	2.25E-01
TCGA-M8-A5N4-01A-11D-A26I-08	1.83E-01	1.00E+00	5.88E-01	9.00E-01	4.33E-01	2.97E-01
TCGA-OE-A75W-01A-12D-A32N-08	9.15E-01	1.78E+00	1.66E+00	1.63E+00	1.17E+00	9.63E-01
TCGA-PZ-A5RE-01A-11D-A32N-08	2.56E-01	5.75E-01	4.07E-01	5.58E-01	3.92E-01	3.12E-01
TCGA-Q3-A5QY-01A-12D-A32N-08	0.00E+00	5.86E-02	8.23E-02	9.47E-02	6.09E-02	4.47E-02
TCGA-Q3-AA2A-01A-11D-A377-08	4.40E-01	4.06E-01	4.20E-01	4.31E-01	2.47E-01	3.34E-01
TCGA-RB-A7B8-01A-12D-A33T-08	3.92E-01	1.03E+00	7.82E-01	1.03E+00	4.10E-01	4.53E-01
TCGA-RB-AA9M-01A-11D-A397-08	2.48E-01	6.51E-01	4.34E-01	6.31E-01	4.42E-01	3.11E-01
TCGA-S4-A8RM-01A-11D-A377-08	3.87E-01	8.64E-01	7.94E-01	8.77E-01	4.82E-01	5.00E-01
TCGA-S4-A8RO-01A-12D-A377-08	6.04E-01	1.42E+00	7.78E-01	1.30E+00	5.42E-01	3.32E-01
TCGA-S4-A8RP-01A-11D-A36O-08	2.57E-01	6.29E-01	6.73E-01	5.33E-01	8.21E-01	4.48E-01
TCGA-US-A774-01A-21D-A32N-08	3.15E-01	5.64E-01	5.31E-01	5.69E-01	4.32E-01	2.92E-01
TCGA-US-A776-01A-13D-A33T-08	8.73E-01	1.23E+00	1.28E+00	1.33E+00	7.81E-01	7.54E-01
TCGA-US-A779-01A-11D-A32N-08	3.28E-01	6.34E-01	6.45E-01	5.70E-01	3.83E-01	3.93E-01
TCGA-US-A77E-01A-11D-A32N-08	2.90E-01	1.59E+00	1.10E+00	1.64E+00	1.09E+00	6.93E-01
TCGA-US-A77G-01A-11D-A32N-08	4.94E-01	6.73E-01	7.30E-01	6.29E-01	6.04E-01	5.16E-01
TCGA-XD-AAUG-01A-61D-A40W-08	2.68E-01	4.20E-01	3.66E-01	2.64E-01	4.71E-01	3.00E-01
TCGA-XD-AAUH-01A-42D-A40W-08	2.89E-01	3.20E-01	3.18E-01	1.73E-01	3.96E-01	2.82E-01
TCGA-XD-AAUI-01A-42D-A40W-08	3.97E-01	8.19E-01	4.37E-01	7.24E-01	6.41E-01	3.00E-01
TCGA-XD-AAUL-01A-21D-A397-08	2.99E-01	7.17E-01	7.48E-01	7.60E-01	5.67E-01	5.23E-01
TCGA-XN-A8T3-01A-11D-A36O-08	5.28E-01	7.30E-01	8.66E-01	8.25E-01	4.75E-01	3.22E-01
TCGA-XN-A8T5-01A-12D-A36O-08	1.27E-01	3.63E-01	3.22E-01	2.75E-01	3.81E-01	3.06E-01
TCGA-YB-A89D-01A-12D-A36O-08	3.45E-01	6.36E-01	4.65E-01	4.73E-01	4.69E-01	4.09E-01
TCGA-YH-A8SY-01A-11D-A377-08	5.04E-01	1.32E+00	9.84E-01	1.20E+00	7.62E-01	4.96E-01
TCGA-YY-A8LH-01A-11D-A36O-08	5.10E-01	1.08E+00	1.02E+00	1.04E+00	8.48E-01	6.61E-01
TCGA-Z5-AAPL-01A-12D-A40W-08	5.17E-02	2.23E-01	2.59E-01	2.21E-01	1.60E-01	2.29E-01
