Samples	SBS96A	SBS96B	SBS96C	SBS96D	SBS96E	SBS96F	SBS96G	SBS96H	SBS96I
TCGA-2J-AAB1-01A-11D-A40W-08	0	21	9	6	10	4	0	1	9
TCGA-2J-AAB4-01A-12D-A40W-08	0	0	0	5	12	5	7	1	3
TCGA-2J-AAB6-01A-11D-A40W-08	0	13	0	0	0	49	0	0	0
TCGA-2J-AAB8-01A-12D-A40W-08	0	0	22	7	0	7	11	3	0
TCGA-2J-AAB9-01A-11D-A40W-08	3	0	3	0	5	0	0	1	7
TCGA-2J-AABA-01A-21D-A40W-08	0	4	0	0	1	9	11	0	0
TCGA-2J-AABE-01A-12D-A40W-08	0	0	11	2	0	2	2	0	20
TCGA-2J-AABF-01A-31D-A40W-08	0	0	24	2	14	0	8	2	0
TCGA-2J-AABH-01A-21D-A40W-08	0	11	9	0	7	0	18	0	0
TCGA-2J-AABI-01A-12D-A40W-08	2	9	0	12	6	0	4	3	0
TCGA-2J-AABK-01A-31D-A40W-08	0	3	18	0	4	0	0	12	0
TCGA-2J-AABO-01A-21D-A40W-08	12	10	14	14	16	0	0	0	0
TCGA-2J-AABP-01A-11D-A40W-08	0	0	0	16	26	0	0	0	70
TCGA-2J-AABR-01A-11D-A40W-08	0	0	0	0	0	3	0	1	2
TCGA-2J-AABT-01A-11D-A40W-08	0	0	0	0	0	16	5	0	0
TCGA-2J-AABV-01A-12D-A40W-08	0	3	2	2	0	0	0	0	0
TCGA-2L-AAQA-01A-21D-A38G-08	0	31	0	5	10	13	0	0	0
TCGA-2L-AAQE-01A-11D-A397-08	0	0	8	6	10	0	1	1	10
TCGA-2L-AAQI-01A-12D-A397-08	0	0	15	19	1	0	0	0	0
TCGA-2L-AAQJ-01A-12D-A397-08	2	0	5	0	28	51	0	0	0
TCGA-2L-AAQL-01A-11D-A38G-08	2	0	44	0	9	0	3	3	0
TCGA-2L-AAQM-01A-11D-A397-08	0	0	0	3	0	0	0	0	27
TCGA-3A-A9I5-01A-11D-A38G-08	1	15	0	0	5	5	0	0	0
TCGA-3A-A9I7-01A-21D-A38G-08	3	2	0	0	0	7	2	0	0
TCGA-3A-A9I9-01A-11D-A38G-08	0	19	0	0	13	0	0	57	16
TCGA-3A-A9IB-01A-21D-A397-08	0	14	0	4	4	0	0	17	0
TCGA-3A-A9IC-01A-11D-A38G-08	0	0	0	14	0	8	0	0	14
TCGA-3A-A9IH-01A-12D-A397-08	1	12	17	0	18	0	0	4	0
TCGA-3A-A9IJ-01A-11D-A397-08	2	5	0	0	0	0	3	0	9
TCGA-3A-A9IL-01A-11D-A38G-08	0	0	0	0	0	0	0	0	5
TCGA-3A-A9IN-01A-11D-A397-08	0	0	7	0	0	8	0	10	0
TCGA-3A-A9IO-01A-11D-A38G-08	0	0	0	4	0	0	2	0	2
TCGA-3A-A9IR-01A-11D-A38G-08	0	4	13	0	0	0	0	0	0
TCGA-3A-A9IS-01A-21D-A397-08	0	8	0	0	0	0	0	12	12
TCGA-3A-A9IU-01A-11D-A397-08	0	5	2	7	7	0	2	2	10
TCGA-3A-A9IV-01A-11D-A40W-08	0	3	0	7	0	5	3	3	24
TCGA-3A-A9IX-01A-11D-A40W-08	0	0	0	0	4	8	0	2	0
TCGA-3A-A9IZ-01A-12D-A40W-08	0	0	14	19	0	1	5	17	2
TCGA-3A-A9J0-01A-11D-A40W-08	5	4	1	36	28	11	0	0	0
TCGA-3E-AAAY-01A-11D-A38G-08	0	0	0	0	0	27	0	0	0
TCGA-3E-AAAZ-01A-11D-A38G-08	0	15	23	7	0	0	4	1	0
TCGA-F2-6879-01A-11D-2154-08	0	7	16	0	8	0	4	0	0
TCGA-F2-6880-01A-11D-2154-08	0	0	0	0	0	0	0	1	0
TCGA-F2-7273-01A-11D-2154-08	0	0	0	0	0	0	0	1	0
TCGA-F2-A44G-01A-11D-A26I-08	0	9	1	12	15	0	2	4	3
TCGA-F2-A44H-01A-11D-A26I-08	0	0	0	0	0	12	0	0	6
TCGA-F2-A7TX-01A-33D-A38G-08	0	5	21	0	5	0	1	13	0
TCGA-F2-A8YN-01A-11D-A377-08	0	6	0	9	0	31	1	6	0
TCGA-FB-A4P6-01A-12D-A26I-08	0	0	0	0	0	1	0	0	0
TCGA-FB-A5VM-01A-11D-A32N-08	1	0	7	0	13	0	34	0	0
TCGA-FB-A78T-01A-12D-A32N-08	6	2	8	2	14	0	0	15	0
TCGA-FB-A7DR-01A-21D-A33T-08	0	0	14	1	1	11	1	0	9
TCGA-FB-AAPP-01A-12D-A40W-08	3	32	0	23	50	0	0	1	0
TCGA-FB-AAPQ-01A-11D-A40W-08	1	6	0	0	3	19	9	1	0
TCGA-FB-AAPS-01A-12D-A397-08	0	17	0	4	0	6	0	0	0
TCGA-FB-AAPU-01A-31D-A40W-08	17	0	26	2	1	3	13	18	0
TCGA-FB-AAPY-01A-11D-A40W-08	0	15	1	0	12	0	0	0	3
TCGA-FB-AAPZ-01A-11D-A40W-08	0	0	14	13	15	0	0	0	0
TCGA-FB-AAQ0-01A-31D-A40W-08	0	0	2	0	19	0	16	1	4
TCGA-FB-AAQ1-01A-12D-A40W-08	2	19	0	0	16	0	0	0	0
TCGA-FB-AAQ2-01A-31D-A40W-08	3	0	0	2	19	12	0	0	0
TCGA-FB-AAQ3-01A-11D-A40W-08	4	0	7	15	6	0	7	0	0
TCGA-FB-AAQ6-01A-11D-A40W-08	0	23	11	0	10	0	14	2	1
TCGA-FZ-5919-01A-11D-1609-08	1	9	1	11	3	2	0	0	2
TCGA-FZ-5920-01A-11D-1609-08	2	33	5	0	11	0	0	4	0
TCGA-FZ-5921-01A-11D-1609-08	5	0	4	22	23	17	0	0	0
TCGA-FZ-5922-01A-11D-1609-08	0	5	0	0	9	5	11	9	0
TCGA-FZ-5923-01A-12D-1609-08	0	18	0	20	21	0	5	0	0
TCGA-FZ-5924-01A-13D-1609-08	0	13	3	6	9	4	0	1	4
TCGA-FZ-5926-01A-11D-1609-08	0	5	1	2	8	0	12	0	0
TCGA-H6-8124-01A-11D-2396-08	0	7	15	6	7	0	0	0	0
TCGA-H6-A45N-01A-11D-A26I-08	0	0	0	0	0	5	13	6	0
TCGA-H8-A6C1-01A-11D-A32N-08	0	8	1	0	14	0	2	0	0
TCGA-HV-A5A3-01A-11D-A26I-08	4	6	10	0	11	0	5	0	2
TCGA-HV-A5A4-01A-11D-A26I-08	4	9	0	3	14	9	0	0	0
TCGA-HV-A5A5-01A-11D-A26I-08	0	8	0	0	0	2	3	4	1
TCGA-HV-A5A6-01A-11D-A26I-08	0	26	2	7	11	0	0	0	0
TCGA-HV-A7OL-01A-11D-A33T-08	0	0	3	23	7	18	0	0	0
TCGA-HV-A7OP-01A-11D-A33T-08	1	3	0	2	14	0	55	0	22
TCGA-HV-AA8V-01A-11D-A40W-08	0	0	0	3	7	15	4	0	5
TCGA-HV-AA8X-01A-11D-A397-08	6	18	14	8	2	2	0	0	0
TCGA-HZ-7289-01A-11D-2154-08	5	3	20	2	0	38	12	0	0
TCGA-HZ-7918-01A-11D-2154-08	20	0	0	0	0	0	15	81	9
TCGA-HZ-7919-01A-11D-2154-08	0	0	0	0	9	0	8	43	0
TCGA-HZ-7920-01A-11D-2201-08	0	0	0	0	0	0	1	0	0
TCGA-HZ-7922-01A-11D-2154-08	5	0	0	0	22	11	0	2	5
TCGA-HZ-7925-01A-11D-2154-08	0	13	0	3	4	6	0	0	0
TCGA-HZ-7926-01A-11D-2154-08	5	5	0	1	2	16	7	1	0
TCGA-HZ-8001-01A-11D-2201-08	0	4	13	12	1	12	3	0	2
TCGA-HZ-8002-01A-11D-2201-08	1	4	2	0	1	1	0	0	0
TCGA-HZ-8003-01A-21D-2201-08	0	5	0	1	1	0	2	4	0
TCGA-HZ-8005-01A-11D-2201-08	0	11	13	7	6	11	0	7	0
TCGA-HZ-8315-01A-11D-2396-08	0	0	5	19	11	0	13	13	0
TCGA-HZ-8317-01A-11D-2396-08	0	0	0	0	3	4	2	4	0
TCGA-HZ-8636-01A-21D-2396-08	0	0	0	11	22	0	0	13	0
TCGA-HZ-8637-01A-11D-2396-08	0	0	0	13	15	0	0	3	0
TCGA-HZ-A49H-01A-11D-A26I-08	0	0	1	7	1	1	0	0	0
TCGA-HZ-A49I-01A-12D-A26I-08	0	1	0	0	5	36	0	3	0
TCGA-HZ-A4BH-01A-11D-A26I-08	0	0	0	29	14	6	15	0	0
TCGA-HZ-A4BK-01A-11D-A26I-08	5	2	1	14	18	0	0	12	0
TCGA-HZ-A77O-01A-11D-A33T-08	0	6	5	6	1	3	0	0	6
TCGA-HZ-A77P-01A-11D-A33T-08	0	0	34	0	7	0	0	2	0
TCGA-HZ-A77Q-01A-11D-A36O-08	0	0	10	4	9	23	0	1	4
TCGA-HZ-A8P0-01A-11D-A36O-08	5	2	3	5	0	19	0	0	5
TCGA-HZ-A8P1-01A-11D-A377-08	0	0	6	21	10	0	1	15	4
TCGA-HZ-A9TJ-01A-11D-A40W-08	0	0	14	24	17	19	11	2	0
TCGA-IB-7644-01A-11D-2154-08	1	0	2	1	8	0	0	11	7
TCGA-IB-7645-01A-22D-2201-08	0	0	10	4	0	15	0	0	0
TCGA-IB-7646-01A-11D-2154-08	0	4	0	10	11	31	1	4	0
TCGA-IB-7647-01A-11D-2154-08	0	22	0	3	14	0	9	1	0
TCGA-IB-7649-01A-11D-2154-08	1	20	0	9	0	7	0	0	0
TCGA-IB-7651-01A-11D-2154-08	11931	2370	1932	1014	0	134	0	0	0
TCGA-IB-7652-01A-11D-2154-08	10	20	0	20	0	27	0	6	5
TCGA-IB-7654-01A-11D-2154-08	0	0	3	0	27	0	8	1	0
TCGA-IB-7885-01A-11D-2154-08	0	0	19	11	4	0	0	6	4
TCGA-IB-7886-01A-11D-2154-08	0	6	0	0	14	23	0	0	6
TCGA-IB-7887-01A-11D-2154-08	0	0	15	2	2	0	0	7	0
TCGA-IB-7888-01A-11D-2154-08	0	0	10	0	0	11	6	0	0
TCGA-IB-7889-01A-11D-2154-08	0	0	10	21	12	0	0	1	0
TCGA-IB-7890-01A-12D-2201-08	0	22	27	0	13	0	0	3	0
TCGA-IB-7891-01A-11D-2201-08	0	0	15	0	10	0	1	0	0
TCGA-IB-7893-01A-11D-2201-08	0	14	0	9	6	8	0	0	0
TCGA-IB-7897-01A-21D-2201-08	0	0	3	0	0	0	0	0	0
TCGA-IB-8126-01A-11D-2396-08	5	0	2	0	0	4	0	0	1
TCGA-IB-8127-01A-11D-2396-08	2	0	0	3	22	14	0	0	0
TCGA-IB-A5SO-01A-11D-A32N-08	0	0	0	0	9	0	17	0	0
TCGA-IB-A5SP-01A-11D-A32N-08	0	0	17	8	8	0	0	8	2
TCGA-IB-A5SQ-01A-11D-A32N-08	8	2	5	0	14	0	5	1	0
TCGA-IB-A5SS-01A-11D-A32N-08	1	0	0	0	11	5	0	0	18
TCGA-IB-A5ST-01A-11D-A32N-08	0	0	0	5	0	2	0	0	0
TCGA-IB-A6UF-01A-23D-A33T-08	0	0	0	24	21	3	0	3	0
TCGA-IB-A6UG-01A-32D-A33T-08	9	6	0	0	32	20	0	0	0
TCGA-IB-A7LX-01A-12D-A36O-08	0	14	1	5	0	0	16	0	0
TCGA-IB-A7M4-01A-11D-A36O-08	0	0	4	6	11	27	0	5	1
TCGA-IB-AAUM-01A-11D-A377-08	0	0	2	0	3	0	10	0	0
TCGA-IB-AAUN-01A-12D-A38G-08	0	4	9	0	4	6	0	0	3
TCGA-IB-AAUO-01A-12D-A38G-08	8	0	14	0	4	13	1	2	1
TCGA-IB-AAUP-01A-11D-A377-08	0	0	0	0	8	22	0	3	0
TCGA-IB-AAUQ-01A-22D-A40W-08	0	21	0	3	21	0	4	11	0
TCGA-IB-AAUR-01A-21D-A38G-08	1	0	0	0	0	0	0	0	3
TCGA-IB-AAUS-01A-12D-A38G-08	0	0	0	0	0	0	1	0	0
TCGA-IB-AAUT-01A-11D-A377-08	0	0	0	0	0	0	0	0	1
TCGA-IB-AAUU-01A-11D-A377-08	6	6	2	3	16	0	4	4	0
TCGA-IB-AAUW-01A-12D-A38G-08	0	0	0	0	0	0	0	0	1
TCGA-LB-A7SX-01A-11D-A33T-08	0	0	0	39	0	0	58	11	0
TCGA-LB-A8F3-01A-11D-A36O-08	0	8	0	6	0	0	13	1	8
TCGA-LB-A9Q5-01A-11D-A397-08	0	4	0	7	0	1	0	2	0
TCGA-M8-A5N4-01A-11D-A26I-08	0	0	18	0	10	0	5	0	0
TCGA-OE-A75W-01A-12D-A32N-08	0	55	0	9	5	0	17	0	0
TCGA-PZ-A5RE-01A-11D-A32N-08	0	0	7	0	4	11	3	0	0
TCGA-Q3-A5QY-01A-12D-A32N-08	0	2	0	0	0	0	0	0	0
TCGA-Q3-AA2A-01A-11D-A377-08	7	1	0	0	1	10	0	4	0
TCGA-RB-A7B8-01A-12D-A33T-08	2	10	4	0	22	10	0	0	0
TCGA-RB-AA9M-01A-11D-A397-08	0	0	11	11	0	1	0	0	0
TCGA-S4-A8RM-01A-11D-A377-08	4	6	0	0	11	17	5	0	0
TCGA-S4-A8RO-01A-12D-A377-08	4	0	24	0	24	9	0	0	0
TCGA-S4-A8RP-01A-11D-A36O-08	0	9	0	9	0	0	0	0	11
TCGA-US-A774-01A-21D-A32N-08	0	0	2	4	0	13	2	0	0
TCGA-US-A776-01A-13D-A33T-08	16	17	0	0	21	17	12	3	0
TCGA-US-A779-01A-11D-A32N-08	0	9	10	0	0	4	0	2	2
TCGA-US-A77E-01A-11D-A32N-08	0	4	11	14	30	0	9	0	7
TCGA-US-A77G-01A-11D-A32N-08	0	26	0	0	3	0	3	0	0
TCGA-XD-AAUG-01A-61D-A40W-08	0	0	2	3	0	1	1	0	9
TCGA-XD-AAUH-01A-42D-A40W-08	0	0	2	0	0	2	0	0	9
TCGA-XD-AAUI-01A-42D-A40W-08	2	4	0	17	6	2	0	0	0
TCGA-XD-AAUL-01A-21D-A397-08	0	28	0	1	5	0	0	1	0
TCGA-XN-A8T3-01A-11D-A36O-08	0	5	30	0	7	0	0	0	0
TCGA-XN-A8T5-01A-12D-A36O-08	0	0	0	0	3	0	3	0	8
TCGA-YB-A89D-01A-12D-A36O-08	0	0	10	7	1	4	0	5	0
TCGA-YH-A8SY-01A-11D-A377-08	1	25	0	15	11	4	0	0	0
TCGA-YY-A8LH-01A-11D-A36O-08	0	24	18	3	4	3	9	3	1
TCGA-Z5-AAPL-01A-12D-A40W-08	0	0	5	0	3	0	0	0	0
